#DataThief /ssd/majorana/analysis/lowe/pandaxII_pseudoscalar_7_2017.png Friday 2-Feb-2018 2:30:43 PM
1.0033, 1.1354e-13
1.0054, 1.1354e-13
1.0074, 1.1279e-13
1.0095, 1.1279e-13
1.0115, 1.1204e-13
1.0136, 1.1204e-13
1.0156, 1.113e-13
1.0177, 1.113e-13
1.0198, 1.1056e-13
1.0219, 1.1056e-13
1.0239, 1.1056e-13
1.026, 1.1056e-13
1.0281, 1.0983e-13
1.0302, 1.0983e-13
1.0323, 1.0983e-13
1.0344, 1.0983e-13
1.0365, 1.091e-13
1.0386, 1.091e-13
1.0407, 1.091e-13
1.0429, 1.0838e-13
1.045, 1.0838e-13
1.0471, 1.0766e-13
1.0492, 1.0766e-13
1.0514, 1.0695e-13
1.0535, 1.0695e-13
1.0557, 1.0624e-13
1.0578, 1.0624e-13
1.06, 1.0624e-13
1.0621, 1.0554e-13
1.0643, 1.0554e-13
1.0665, 1.0484e-13
1.0686, 1.0484e-13
1.0708, 1.0415e-13
1.073, 1.0415e-13
1.0752, 1.0346e-13
1.0774, 1.0346e-13
1.0796, 1.0346e-13
1.0818, 1.0278e-13
1.084, 1.0278e-13
1.0862, 1.021e-13
1.0884, 1.021e-13
1.0906, 1.0142e-13
1.0928, 1.0142e-13
1.095, 1.0075e-13
1.0973, 1.0075e-13
1.0995, 1.0008e-13
1.1017, 1.0008e-13
1.1017, 9.9421e-14
1.104, 9.9421e-14
1.1062, 9.8763e-14
1.1085, 9.811e-14
1.1107, 9.811e-14
1.1107, 9.7461e-14
1.113, 9.7461e-14
1.1153, 9.6816e-14
1.1175, 9.6175e-14
1.1198, 9.6175e-14
1.1198, 9.5539e-14
1.1221, 9.5539e-14
1.1244, 9.4907e-14
1.1267, 9.4907e-14
1.129, 9.4279e-14
1.1313, 9.3655e-14
1.1336, 9.3655e-14
1.1359, 9.3035e-14
1.1381, 9.242e-14
1.1405, 9.242e-14
1.1428, 9.1808e-14
1.1451, 9.1808e-14
1.1475, 9.1201e-14
1.1498, 9.0598e-14
1.1522, 9.0598e-14
1.1545, 8.9998e-14
1.1568, 8.9998e-14
1.1592, 8.9403e-14
1.1616, 8.9403e-14
1.1616, 8.8811e-14
1.1639, 8.8811e-14
1.1663, 8.8224e-14
1.1687, 8.764e-14
1.1711, 8.764e-14
1.1734, 8.706e-14
1.1758, 8.706e-14
1.1758, 8.6484e-14
1.1782, 8.6484e-14
1.1806, 8.5912e-14
1.183, 8.5912e-14
1.1854, 8.5344e-14
1.1878, 8.5344e-14
1.1878, 8.4779e-14
1.1903, 8.4779e-14
1.1927, 8.4218e-14
1.1951, 8.4218e-14
1.1975, 8.3661e-14
1.2, 8.3661e-14
1.2024, 8.3107e-14
1.2049, 8.3107e-14
1.2073, 8.2558e-14
1.2098, 8.2558e-14
1.2123, 8.2011e-14
1.2147, 8.2011e-14
1.2172, 8.1469e-14
1.2197, 8.1469e-14
1.2222, 8.1469e-14
1.2246, 8.093e-14
1.2271, 8.093e-14
1.2271, 8.0394e-14
1.2296, 8.0394e-14
1.2321, 7.9862e-14
1.2346, 7.9862e-14
1.2372, 7.9334e-14
1.2397, 7.9334e-14
1.2422, 7.8809e-14
1.2447, 7.8809e-14
1.2473, 7.8288e-14
1.2498, 7.8288e-14
1.2498, 7.777e-14
1.2524, 7.777e-14
1.2549, 7.7255e-14
1.2575, 7.7255e-14
1.26, 7.6744e-14
1.2626, 7.6744e-14
1.2652, 7.6236e-14
1.2677, 7.6236e-14
1.2703, 7.5732e-14
1.2729, 7.5732e-14
1.2729, 7.5231e-14
1.2755, 7.5231e-14
1.2781, 7.4733e-14
1.2807, 7.4733e-14
1.2833, 7.4239e-14
1.2859, 7.4239e-14
1.2885, 7.3748e-14
1.2912, 7.3748e-14
1.2938, 7.326e-14
1.2964, 7.326e-14
1.2991, 7.2775e-14
1.3017, 7.2775e-14
1.3043, 7.2293e-14
1.307, 7.2293e-14
1.3096, 7.1815e-14
1.3123, 7.1815e-14
1.315, 7.1815e-14
1.3176, 7.134e-14
1.3204, 7.134e-14
1.3231, 7.0868e-14
1.3256, 7.0868e-14
1.3284, 7.0399e-14
1.3312, 7.0399e-14
1.3338, 6.9933e-14
1.3366, 6.9933e-14
1.3393, 6.9933e-14
1.342, 6.9471e-14
1.3448, 6.9471e-14
1.3475, 6.9011e-14
1.3502, 6.9011e-14
1.353, 6.8555e-14
1.3557, 6.8555e-14
1.3585, 6.8101e-14
1.3613, 6.8101e-14
1.3639, 6.8101e-14
1.3668, 6.765e-14
1.3696, 6.765e-14
1.3724, 6.7203e-14
1.3752, 6.6758e-14
1.378, 6.6758e-14
1.3808, 6.6317e-14
1.3836, 6.6317e-14
1.3864, 6.6317e-14
1.3892, 6.5878e-14
1.3921, 6.5878e-14
1.3949, 6.5878e-14
1.3977, 6.5878e-14
1.4006, 6.5442e-14
1.4034, 6.5442e-14
1.4062, 6.5442e-14
1.4092, 6.5009e-14
1.412, 6.5009e-14
1.4149, 6.5009e-14
1.4178, 6.4579e-14
1.4207, 6.4579e-14
1.4236, 6.4579e-14
1.4264, 6.4579e-14
1.4294, 6.4152e-14
1.4323, 6.4152e-14
1.4352, 6.4152e-14
1.4381, 6.4152e-14
1.4411, 6.3727e-14
1.444, 6.3727e-14
1.4469, 6.3727e-14
1.4499, 6.3305e-14
1.4527, 6.3305e-14
1.4558, 6.3305e-14
1.4586, 6.3305e-14
1.4617, 6.2887e-14
1.4647, 6.2887e-14
1.4677, 6.2887e-14
1.4707, 6.2471e-14
1.4737, 6.2471e-14
1.4767, 6.2471e-14
1.4797, 6.2471e-14
1.4827, 6.2057e-14
1.4857, 6.2057e-14
1.4887, 6.2057e-14
1.4918, 6.2057e-14
1.4948, 6.1647e-14
1.4978, 6.1647e-14
1.5009, 6.1647e-14
1.5039, 6.1647e-14
1.507, 6.1239e-14
1.5101, 6.1239e-14
1.5131, 6.1239e-14
1.5162, 6.1239e-14
1.5192, 6.0834e-14
1.5224, 6.0834e-14
1.5255, 6.0834e-14
1.5286, 6.0431e-14
1.5316, 6.0431e-14
1.5349, 6.0431e-14
1.538, 6.0431e-14
1.5411, 6.0031e-14
1.5442, 6.0031e-14
1.5474, 6.0031e-14
1.5505, 6.0031e-14
1.5537, 6.0031e-14
1.5569, 5.9634e-14
1.56, 5.9634e-14
1.5632, 5.9634e-14
1.5664, 5.9634e-14
1.5695, 5.924e-14
1.5728, 5.924e-14
1.576, 5.924e-14
1.5792, 5.924e-14
1.5824, 5.8848e-14
1.5856, 5.8848e-14
1.5889, 5.8848e-14
1.592, 5.8848e-14
1.5953, 5.8458e-14
1.5986, 5.8458e-14
1.6018, 5.8458e-14
1.6051, 5.8072e-14
1.6084, 5.8072e-14
1.6116, 5.8072e-14
1.6149, 5.8072e-14
1.6181, 5.7687e-14
1.6215, 5.7687e-14
1.6248, 5.7687e-14
1.628, 5.7306e-14
1.6314, 5.7306e-14
1.6348, 5.7306e-14
1.6381, 5.6927e-14
1.6414, 5.6927e-14
1.6448, 5.6927e-14
1.6481, 5.6927e-14
1.6515, 5.655e-14
1.6548, 5.655e-14
1.6582, 5.655e-14
1.6616, 5.655e-14
1.665, 5.6176e-14
1.6683, 5.6176e-14
1.6717, 5.6176e-14
1.6751, 5.6176e-14
1.6785, 5.5804e-14
1.682, 5.5804e-14
1.6854, 5.5804e-14
1.6888, 5.5804e-14
1.6923, 5.5804e-14
1.6957, 5.5435e-14
1.6992, 5.5435e-14
1.7026, 5.5435e-14
1.7061, 5.5435e-14
1.7096, 5.5068e-14
1.713, 5.5068e-14
1.7165, 5.4704e-14
1.72, 5.4704e-14
1.7235, 5.4342e-14
1.7269, 5.4342e-14
1.7306, 5.3982e-14
1.7341, 5.3982e-14
1.7376, 5.3982e-14
1.7412, 5.3625e-14
1.7447, 5.3625e-14
1.7483, 5.327e-14
1.7518, 5.327e-14
1.7553, 5.2918e-14
1.759, 5.2918e-14
1.7625, 5.2568e-14
1.7661, 5.2568e-14
1.7697, 5.2568e-14
1.7732, 5.2568e-14
1.7769, 5.222e-14
1.7806, 5.222e-14
1.7842, 5.222e-14
1.7877, 5.222e-14
1.7915, 5.222e-14
1.7951, 5.1875e-14
1.7988, 5.1875e-14
1.8024, 5.1875e-14
1.8061, 5.1875e-14
1.8098, 5.1875e-14
1.8135, 5.1875e-14
1.8171, 5.1875e-14
1.8208, 5.1875e-14
1.8246, 5.1531e-14
1.8283, 5.1531e-14
1.8319, 5.1531e-14
1.8357, 5.1531e-14
1.8395, 5.1531e-14
1.8432, 5.1531e-14
1.847, 5.1531e-14
1.8507, 5.1531e-14
1.8545, 5.1531e-14
1.8582, 5.1531e-14
1.862, 5.1875e-14
1.8658, 5.1875e-14
1.8696, 5.1875e-14
1.8735, 5.1875e-14
1.8773, 5.1875e-14
1.8811, 5.1875e-14
1.8849, 5.222e-14
1.8888, 5.222e-14
1.8925, 5.222e-14
1.8965, 5.222e-14
1.9003, 5.2568e-14
1.9042, 5.2568e-14
1.9081, 5.2568e-14
1.912, 5.2918e-14
1.9159, 5.2918e-14
1.9198, 5.2918e-14
1.9237, 5.327e-14
1.9276, 5.327e-14
1.9315, 5.3625e-14
1.9354, 5.3625e-14
1.9394, 5.3982e-14
1.9433, 5.3982e-14
1.9473, 5.4342e-14
1.9513, 5.4342e-14
1.9552, 5.4342e-14
1.9592, 5.4704e-14
1.9632, 5.4704e-14
1.9672, 5.5068e-14
1.9712, 5.5068e-14
1.9752, 5.5435e-14
1.9792, 5.5435e-14
1.9832, 5.5804e-14
1.9872, 5.5804e-14
1.9914, 5.5804e-14
1.9954, 5.6176e-14
1.9995, 5.6176e-14
2.0036, 5.6176e-14
2.0076, 5.6176e-14
2.0117, 5.655e-14
2.0158, 5.655e-14
2.0199, 5.655e-14
2.024, 5.6927e-14
2.0282, 5.6927e-14
2.0323, 5.6927e-14
2.0364, 5.7306e-14
2.0406, 5.7306e-14
2.0447, 5.7687e-14
2.0489, 5.7687e-14
2.0531, 5.8072e-14
2.0573, 5.8072e-14
2.0615, 5.8458e-14
2.0657, 5.8458e-14
2.0699, 5.8458e-14
2.0741, 5.8848e-14
2.0783, 5.8848e-14
2.0825, 5.924e-14
2.0868, 5.924e-14
2.091, 5.9634e-14
2.0953, 5.9634e-14
2.0996, 6.0031e-14
2.1038, 6.0031e-14
2.1081, 6.0031e-14
2.1124, 6.0431e-14
2.1167, 6.0431e-14
2.1167, 6.0834e-14
2.121, 6.0834e-14
2.1253, 6.1239e-14
2.1297, 6.1239e-14
2.134, 6.1647e-14
2.1384, 6.1647e-14
2.1427, 6.2057e-14
2.1471, 6.2057e-14
2.1514, 6.2471e-14
2.1558, 6.2471e-14
2.1558, 6.2887e-14
2.1602, 6.2887e-14
2.1646, 6.3305e-14
2.169, 6.3305e-14
2.1734, 6.3727e-14
2.1779, 6.3727e-14
2.1823, 6.4152e-14
2.1868, 6.4152e-14
2.1912, 6.4579e-14
2.1957, 6.4579e-14
2.1957, 6.5009e-14
2.2001, 6.5009e-14
2.2046, 6.5442e-14
2.2091, 6.5442e-14
2.2136, 6.5878e-14
2.2181, 6.5878e-14
2.2226, 6.6317e-14
2.2272, 6.6317e-14
2.2317, 6.6758e-14
2.2363, 6.6758e-14
2.2363, 6.7203e-14
2.2408, 6.7203e-14
2.2454, 6.765e-14
2.2499, 6.765e-14
2.2545, 6.8101e-14
2.2591, 6.8101e-14
2.2637, 6.8555e-14
2.2683, 6.8555e-14
2.273, 6.9011e-14
2.2776, 6.9011e-14
2.2822, 6.9471e-14
2.2869, 6.9471e-14
2.2915, 6.9933e-14
2.2962, 6.9933e-14
2.3009, 7.0399e-14
2.3056, 7.0399e-14
2.3103, 7.0399e-14
2.315, 7.0868e-14
2.3197, 7.0868e-14
2.3244, 7.134e-14
2.3291, 7.134e-14
2.3338, 7.1815e-14
2.3386, 7.1815e-14
2.3434, 7.2293e-14
2.3482, 7.2293e-14
2.3529, 7.2293e-14
2.3577, 7.2293e-14
2.3625, 7.2775e-14
2.3674, 7.2775e-14
2.3721, 7.2775e-14
2.377, 7.2775e-14
2.3818, 7.2775e-14
2.3867, 7.326e-14
2.3916, 7.326e-14
2.3963, 7.326e-14
2.4013, 7.326e-14
2.4062, 7.3748e-14
2.4111, 7.3748e-14
2.416, 7.4239e-14
2.4209, 7.4239e-14
2.4259, 7.4733e-14
2.4308, 7.4733e-14
2.4358, 7.5231e-14
2.4407, 7.5231e-14
2.4457, 7.5231e-14
2.4506, 7.5732e-14
2.4557, 7.5732e-14
2.4607, 7.6236e-14
2.4657, 7.6236e-14
2.4707, 7.6744e-14
2.4757, 7.6744e-14
2.4808, 7.7255e-14
2.4858, 7.7255e-14
2.4909, 7.7255e-14
2.496, 7.777e-14
2.501, 7.777e-14
2.501, 7.8288e-14
2.5061, 7.8288e-14
2.5112, 7.8809e-14
2.5164, 7.8809e-14
2.5215, 7.9334e-14
2.5266, 7.9334e-14
2.5318, 7.9862e-14
2.5369, 8.0394e-14
2.5421, 8.0394e-14
2.5473, 8.093e-14
2.5525, 8.1469e-14
2.5577, 8.1469e-14
2.5629, 8.2011e-14
2.5681, 8.2011e-14
2.5733, 8.2558e-14
2.5786, 8.3107e-14
2.5838, 8.3107e-14
2.5838, 8.3661e-14
2.5891, 8.3661e-14
2.5943, 8.4218e-14
2.5996, 8.4218e-14
2.6049, 8.4779e-14
2.6101, 8.4779e-14
2.6101, 8.5344e-14
2.6156, 8.5912e-14
2.6209, 8.5912e-14
2.6261, 8.6484e-14
2.6316, 8.6484e-14
2.6316, 8.706e-14
2.6369, 8.706e-14
2.6423, 8.764e-14
2.6477, 8.8224e-14
2.6531, 8.8224e-14
2.6531, 8.8811e-14
2.6585, 8.8811e-14
2.6639, 8.9403e-14
2.6693, 8.9403e-14
2.6747, 8.9998e-14
2.6802, 8.9998e-14
2.6802, 9.0598e-14
2.6857, 9.0598e-14
2.6911, 9.1201e-14
2.6966, 9.1201e-14
2.7021, 9.1808e-14
2.7076, 9.1808e-14
2.713, 9.242e-14
2.7187, 9.3035e-14
2.7242, 9.3035e-14
2.7242, 9.3655e-14
2.7297, 9.3655e-14
2.7353, 9.4279e-14
2.7409, 9.4907e-14
2.7465, 9.4907e-14
2.7465, 9.5539e-14
2.7521, 9.5539e-14
2.7577, 9.6175e-14
2.7633, 9.6175e-14
2.7689, 9.6816e-14
2.7745, 9.6816e-14
2.7745, 9.7461e-14
2.7802, 9.7461e-14
2.7859, 9.811e-14
2.7915, 9.811e-14
2.7972, 9.8763e-14
2.8029, 9.8763e-14
2.8086, 9.9421e-14
2.8143, 1.0008e-13
2.8201, 1.0008e-13
2.8201, 1.0075e-13
2.8258, 1.0075e-13
2.8316, 1.0142e-13
2.8373, 1.021e-13
2.8431, 1.021e-13
2.8431, 1.0278e-13
2.8489, 1.0278e-13
2.8547, 1.0346e-13
2.8605, 1.0415e-13
2.8664, 1.0415e-13
2.8664, 1.0484e-13
2.8721, 1.0554e-13
2.878, 1.0554e-13
2.8839, 1.0624e-13
2.8839, 1.0695e-13
2.8898, 1.0695e-13
2.8957, 1.0766e-13
2.9016, 1.0838e-13
2.9075, 1.091e-13
2.9075, 1.0983e-13
2.9134, 1.0983e-13
2.9134, 1.1056e-13
2.9193, 1.113e-13
2.9253, 1.1204e-13
2.9253, 1.1279e-13
2.9313, 1.1279e-13
2.9313, 1.1354e-13
2.9372, 1.1429e-13
2.9432, 1.1505e-13
2.9432, 1.1582e-13
2.9492, 1.1582e-13
2.9492, 1.1659e-13
2.9552, 1.1737e-13
2.9612, 1.1815e-13
2.9612, 1.1894e-13
2.9673, 1.1894e-13
2.9673, 1.1973e-13
2.9733, 1.2053e-13
2.9794, 1.2133e-13
2.9794, 1.2214e-13
2.9854, 1.2214e-13
2.9854, 1.2295e-13
2.9915, 1.2377e-13
2.9976, 1.2459e-13
2.9976, 1.2542e-13
3.0037, 1.2542e-13
3.0037, 1.2626e-13
3.0098, 1.271e-13
3.016, 1.2795e-13
3.0221, 1.288e-13
3.0283, 1.2966e-13
3.0345, 1.3052e-13
3.0406, 1.3139e-13
3.0468, 1.3226e-13
3.053, 1.3314e-13
3.0593, 1.3403e-13
3.0655, 1.3403e-13
3.0655, 1.3492e-13
3.0717, 1.3582e-13
3.078, 1.3582e-13
3.0843, 1.3673e-13
3.0843, 1.3764e-13
3.0905, 1.3764e-13
3.0968, 1.3855e-13
3.1031, 1.3948e-13
3.1095, 1.3948e-13
3.1158, 1.4041e-13
3.1221, 1.4041e-13
3.1285, 1.4134e-13
3.1349, 1.4134e-13
3.1413, 1.4228e-13
3.1477, 1.4228e-13
3.1541, 1.4323e-13
3.1605, 1.4323e-13
3.1669, 1.4323e-13
3.1734, 1.4323e-13
3.1798, 1.4418e-13
3.1863, 1.4418e-13
3.1928, 1.4418e-13
3.1993, 1.4418e-13
3.2058, 1.4418e-13
3.2124, 1.4514e-13
3.2189, 1.4514e-13
3.2255, 1.4514e-13
3.232, 1.4514e-13
3.2386, 1.4611e-13
3.2452, 1.4611e-13
3.2518, 1.4708e-13
3.2584, 1.4708e-13
3.2651, 1.4806e-13
3.2717, 1.4806e-13
3.2784, 1.4905e-13
3.2851, 1.4905e-13
3.2918, 1.4905e-13
3.2985, 1.5004e-13
3.3052, 1.5004e-13
3.3119, 1.5104e-13
3.3187, 1.5104e-13
3.3254, 1.5205e-13
3.3322, 1.5205e-13
3.339, 1.5306e-13
3.3458, 1.5306e-13
3.3526, 1.5408e-13
3.3594, 1.5511e-13
3.3663, 1.5614e-13
3.3731, 1.5718e-13
3.38, 1.5823e-13
3.3869, 1.5928e-13
3.3938, 1.6034e-13
3.4007, 1.6141e-13
3.4007, 1.6248e-13
3.4076, 1.6248e-13
3.4076, 1.6357e-13
3.4146, 1.6466e-13
3.4215, 1.6575e-13
3.4215, 1.6686e-13
3.4285, 1.6686e-13
3.4285, 1.6797e-13
3.4355, 1.6909e-13
3.4425, 1.7021e-13
3.4425, 1.7135e-13
3.4495, 1.7135e-13
3.4495, 1.7249e-13
3.4565, 1.7364e-13
3.4636, 1.7479e-13
3.4636, 1.7596e-13
3.4706, 1.7596e-13
3.4706, 1.7713e-13
3.4777, 1.7831e-13
3.4848, 1.795e-13
3.4848, 1.8069e-13
3.4919, 1.8069e-13
3.4919, 1.8189e-13
3.499, 1.8311e-13
3.5061, 1.8433e-13
3.5061, 1.8555e-13
3.5133, 1.8555e-13
3.5133, 1.8679e-13
3.5204, 1.8803e-13
3.5276, 1.8929e-13
3.5348, 1.9055e-13
3.542, 1.9182e-13
3.5492, 1.9309e-13
3.5564, 1.9438e-13
3.5636, 1.9567e-13
3.5709, 1.9698e-13
3.5782, 1.9698e-13
3.5855, 1.9829e-13
3.5928, 1.9829e-13
3.6, 1.9961e-13
3.6074, 2.0094e-13
3.6148, 2.0094e-13
3.6221, 2.0228e-13
3.6295, 2.0228e-13
3.6369, 2.0362e-13
3.6442, 2.0362e-13
3.6518, 2.0498e-13
3.6592, 2.0635e-13
3.6665, 2.0635e-13
3.6741, 2.0772e-13
3.6816, 2.0772e-13
3.6891, 2.0772e-13
3.6966, 2.091e-13
3.7041, 2.091e-13
3.7117, 2.105e-13
3.7191, 2.105e-13
3.7268, 2.119e-13
3.7344, 2.119e-13
3.742, 2.1331e-13
3.7496, 2.1331e-13
3.7572, 2.1331e-13
3.7649, 2.1473e-13
3.7726, 2.1473e-13
3.7803, 2.1616e-13
3.788, 2.1616e-13
3.7957, 2.176e-13
3.8034, 2.176e-13
3.8112, 2.1905e-13
3.8189, 2.1905e-13
3.8267, 2.2051e-13
3.8345, 2.2051e-13
3.8423, 2.2051e-13
3.85, 2.2198e-13
3.858, 2.2198e-13
3.8658, 2.2345e-13
3.8737, 2.2345e-13
3.8816, 2.2345e-13
3.8816, 2.2494e-13
3.8895, 2.2494e-13
3.8974, 2.2644e-13
3.9054, 2.2644e-13
3.9133, 2.2644e-13
3.9213, 2.2795e-13
3.9293, 2.2795e-13
3.9373, 2.2947e-13
3.9453, 2.2947e-13
3.9533, 2.31e-13
3.9614, 2.31e-13
3.9695, 2.31e-13
3.9695, 2.3253e-13
3.9775, 2.3253e-13
3.9856, 2.3408e-13
3.9938, 2.3408e-13
4.0019, 2.3408e-13
4.0101, 2.3564e-13
4.0182, 2.3564e-13
4.0264, 2.3721e-13
4.0346, 2.3721e-13
4.0428, 2.3721e-13
4.0511, 2.3879e-13
4.0593, 2.4038e-13
4.0676, 2.4038e-13
4.0759, 2.4038e-13
4.0842, 2.4198e-13
4.0925, 2.4198e-13
4.1008, 2.4359e-13
4.1092, 2.4359e-13
4.1175, 2.4522e-13
4.1259, 2.4522e-13
4.1343, 2.4522e-13
4.1427, 2.4685e-13
4.1512, 2.4849e-13
4.1596, 2.4849e-13
4.1681, 2.4849e-13
4.1766, 2.5015e-13
4.1851, 2.5015e-13
4.1936, 2.5181e-13
4.2022, 2.5181e-13
4.2107, 2.5181e-13
4.2193, 2.5349e-13
4.2279, 2.5349e-13
4.2279, 2.5518e-13
4.2365, 2.5518e-13
4.2451, 2.5518e-13
4.2538, 2.5688e-13
4.2625, 2.5688e-13
4.2711, 2.5859e-13
4.2798, 2.5859e-13
4.2885, 2.5859e-13
4.2973, 2.6031e-13
4.306, 2.6031e-13
4.3148, 2.6205e-13
4.3235, 2.6205e-13
4.3324, 2.6379e-13
4.3412, 2.6379e-13
4.3501, 2.6555e-13
4.3589, 2.6555e-13
4.3678, 2.6732e-13
4.3767, 2.6732e-13
4.3856, 2.6732e-13
4.3945, 2.6732e-13
4.4035, 2.6732e-13
4.4125, 2.6732e-13
4.4214, 2.6732e-13
4.4304, 2.691e-13
4.4395, 2.691e-13
4.4485, 2.691e-13
4.4576, 2.691e-13
4.4667, 2.691e-13
4.4757, 2.6732e-13
4.4849, 2.6732e-13
4.4849, 2.6555e-13
4.494, 2.6555e-13
4.503, 2.6379e-13
4.5123, 2.6205e-13
4.5215, 2.6205e-13
4.5215, 2.6031e-13
4.5307, 2.6031e-13
4.5399, 2.5859e-13
4.5399, 2.5688e-13
4.5492, 2.5518e-13
4.5492, 2.5349e-13
4.5584, 2.5181e-13
4.5584, 2.5015e-13
4.5676, 2.4849e-13
4.5676, 2.4685e-13
4.577, 2.4522e-13
4.577, 2.4359e-13
4.577, 2.4198e-13
4.5863, 2.4038e-13
4.5863, 2.3879e-13
4.5956, 2.3721e-13
4.5956, 2.3564e-13
4.605, 2.3408e-13
4.605, 2.3253e-13
4.6143, 2.31e-13
4.6143, 2.2947e-13
4.6143, 2.2795e-13
4.6143, 2.2644e-13
4.6237, 2.2494e-13
4.6237, 2.2345e-13
4.6237, 2.2198e-13
4.6237, 2.2051e-13
4.6237, 2.1905e-13
4.6331, 2.176e-13
4.6331, 2.1616e-13
4.6331, 2.1473e-13
4.6331, 2.1331e-13
4.6425, 2.119e-13
4.6425, 2.105e-13
4.652, 2.091e-13
4.652, 2.0772e-13
4.6615, 2.0635e-13
4.6615, 2.0498e-13
4.671, 2.0362e-13
4.671, 2.0228e-13
4.671, 2.0094e-13
4.671, 1.9961e-13
4.6709, 1.9829e-13
4.6709, 1.9698e-13
4.6709, 1.9567e-13
4.6804, 1.9438e-13
4.6804, 1.9309e-13
4.6804, 1.9182e-13
4.6804, 1.9055e-13
4.6804, 1.8929e-13
4.6804, 1.8803e-13
4.69, 1.8679e-13
4.69, 1.8555e-13
4.6995, 1.8433e-13
4.6995, 1.8311e-13
4.709, 1.8189e-13
4.709, 1.8069e-13
4.7187, 1.795e-13
4.7186, 1.7831e-13
4.7186, 1.7713e-13
4.7186, 1.7596e-13
4.7282, 1.7479e-13
4.7282, 1.7364e-13
4.7282, 1.7249e-13
4.7282, 1.7135e-13
4.7282, 1.7021e-13
4.7379, 1.6909e-13
4.7379, 1.6797e-13
4.7379, 1.6686e-13
4.7378, 1.6575e-13
4.7475, 1.6466e-13
4.7475, 1.6357e-13
4.7572, 1.6248e-13
4.7572, 1.6141e-13
4.7668, 1.6034e-13
4.7668, 1.5928e-13
4.7765, 1.5823e-13
4.7765, 1.5718e-13
4.7863, 1.5614e-13
4.7863, 1.5511e-13
4.796, 1.5511e-13
4.796, 1.5408e-13
4.8058, 1.5306e-13
4.8155, 1.5205e-13
4.8155, 1.5104e-13
4.8253, 1.5104e-13
4.8253, 1.5004e-13
4.8352, 1.4905e-13
4.845, 1.4905e-13
4.8549, 1.5004e-13
4.8648, 1.5004e-13
4.8747, 1.5004e-13
4.8846, 1.5004e-13
4.8946, 1.5104e-13
4.9045, 1.5104e-13
4.9144, 1.5104e-13
4.9245, 1.5104e-13
4.9344, 1.5205e-13
4.9445, 1.5205e-13
4.9546, 1.5306e-13
4.9546, 1.5408e-13
4.9647, 1.5408e-13
4.9647, 1.5511e-13
4.9748, 1.5614e-13
4.9849, 1.5718e-13
4.9849, 1.5823e-13
4.9952, 1.5823e-13
4.9952, 1.5928e-13
5.0053, 1.6034e-13
5.0054, 1.6141e-13
5.0155, 1.6248e-13
5.0258, 1.6357e-13
5.036, 1.6466e-13
5.036, 1.6575e-13
5.0463, 1.6686e-13
5.0565, 1.6797e-13
5.0668, 1.6909e-13
5.0669, 1.7021e-13
5.0772, 1.7135e-13
5.0772, 1.7249e-13
5.0875, 1.7249e-13
5.0979, 1.7364e-13
5.0979, 1.7479e-13
5.1083, 1.7596e-13
5.1083, 1.7713e-13
5.1187, 1.7831e-13
5.1291, 1.7831e-13
5.1291, 1.795e-13
5.1396, 1.8069e-13
5.1396, 1.8189e-13
5.15, 1.8311e-13
5.1605, 1.8433e-13
5.171, 1.8555e-13
5.171, 1.8679e-13
5.1816, 1.8803e-13
5.1921, 1.8679e-13
5.2027, 1.8679e-13
5.2027, 1.8555e-13
5.2133, 1.8555e-13
5.2239, 1.8433e-13
5.2345, 1.8433e-13
5.2452, 1.8311e-13
5.2559, 1.8189e-13
5.2559, 1.8069e-13
5.2666, 1.795e-13
5.2666, 1.7831e-13
5.2666, 1.7713e-13
5.2772, 1.7596e-13
5.2772, 1.7479e-13
5.2772, 1.7364e-13
5.288, 1.7249e-13
5.288, 1.7135e-13
5.2988, 1.7021e-13
5.2988, 1.6909e-13
5.2988, 1.6797e-13
5.3096, 1.6686e-13
5.3096, 1.6575e-13
5.3094, 1.6466e-13
5.3204, 1.6357e-13
5.3204, 1.6248e-13
5.3203, 1.6141e-13
5.3312, 1.6034e-13
5.3312, 1.5928e-13
5.3312, 1.5823e-13
5.342, 1.5718e-13
5.342, 1.5614e-13
5.342, 1.5511e-13
5.3529, 1.5511e-13
5.3529, 1.5408e-13
5.3638, 1.5306e-13
5.3638, 1.5205e-13
5.3638, 1.5104e-13
5.3747, 1.5004e-13
5.3747, 1.4905e-13
5.3747, 1.4806e-13
5.3856, 1.4708e-13
5.3856, 1.4611e-13
5.3856, 1.4514e-13
5.3966, 1.4418e-13
5.3966, 1.4323e-13
5.3966, 1.4228e-13
5.3966, 1.4134e-13
5.3966, 1.4041e-13
5.3966, 1.3948e-13
5.3966, 1.3855e-13
5.4076, 1.3764e-13
5.4075, 1.3673e-13
5.4075, 1.3582e-13
5.4075, 1.3492e-13
5.4075, 1.3403e-13
5.4075, 1.3314e-13
5.4075, 1.3226e-13
5.4184, 1.3139e-13
5.4184, 1.3052e-13
5.4184, 1.2966e-13
5.4184, 1.288e-13
5.4184, 1.2795e-13
5.4295, 1.271e-13
5.4295, 1.2626e-13
5.4295, 1.2542e-13
5.4295, 1.2459e-13
5.4295, 1.2377e-13
5.4405, 1.2295e-13
5.4405, 1.2214e-13
5.4405, 1.2133e-13
5.4405, 1.2053e-13
5.4405, 1.1973e-13
5.4516, 1.1894e-13
5.4516, 1.1815e-13
5.4516, 1.1737e-13
5.4516, 1.1659e-13
5.4516, 1.1582e-13
5.4516, 1.1505e-13
5.4516, 1.1429e-13
5.4516, 1.1354e-13
5.4627, 1.1279e-13
5.4627, 1.1204e-13
5.4627, 1.113e-13
5.4627, 1.1056e-13
5.4627, 1.0983e-13
5.4627, 1.091e-13
5.4627, 1.0838e-13
5.4738, 1.0766e-13
5.4738, 1.0695e-13
5.4738, 1.0624e-13
5.4738, 1.0554e-13
5.4849, 1.0484e-13
5.4849, 1.0415e-13
5.4849, 1.0346e-13
5.4849, 1.0278e-13
5.4849, 1.021e-13
5.4961, 1.0142e-13
5.4961, 1.0075e-13
5.4961, 1.0008e-13
5.4961, 9.9421e-14
5.4961, 9.8763e-14
5.5072, 9.811e-14
5.5072, 9.7461e-14
5.5072, 9.6816e-14
5.5072, 9.6175e-14
5.5072, 9.5539e-14
5.5072, 9.4907e-14
5.5072, 9.4279e-14
5.5072, 9.3655e-14
5.5184, 9.3035e-14
5.5184, 9.242e-14
5.5184, 9.1808e-14
5.5184, 9.1201e-14
5.5184, 9.0598e-14
5.5184, 8.9998e-14
5.5297, 8.9403e-14
5.5297, 8.8811e-14
5.5409, 8.8224e-14
5.5409, 8.764e-14
5.5522, 8.706e-14
5.5522, 8.6484e-14
5.5635, 8.5912e-14
5.5635, 8.5344e-14
5.5635, 8.4779e-14
5.5635, 8.4218e-14
5.5748, 8.3661e-14
5.5748, 8.3107e-14
5.5748, 8.2558e-14
5.5748, 8.2011e-14
5.5748, 8.1469e-14
5.5748, 8.093e-14
5.5861, 8.0394e-14
5.5861, 7.9862e-14
5.5861, 7.9334e-14
5.5861, 7.8809e-14
5.5975, 7.8288e-14
5.5975, 7.777e-14
5.6089, 7.7255e-14
5.6089, 7.6744e-14
5.6202, 7.6236e-14
5.6202, 7.5732e-14
5.6317, 7.5231e-14
5.6317, 7.4733e-14
5.6432, 7.4239e-14
5.6432, 7.3748e-14
5.6547, 7.3748e-14
5.6547, 7.326e-14
5.6662, 7.2775e-14
5.6777, 7.2293e-14
5.6777, 7.1815e-14
5.6893, 7.1815e-14
5.6893, 7.134e-14
5.7008, 7.0868e-14
5.7125, 7.0399e-14
5.7125, 6.9933e-14
5.7241, 6.9933e-14
5.7241, 6.9471e-14
5.7357, 6.9011e-14
5.7473, 6.8555e-14
5.7473, 6.8101e-14
5.7591, 6.8101e-14
5.7591, 6.765e-14
5.7708, 6.7203e-14
5.7826, 6.7203e-14
5.7944, 6.6758e-14
5.8062, 6.6758e-14
5.818, 6.6317e-14
5.8298, 6.6317e-14
5.8417, 6.5878e-14
5.8536, 6.5878e-14
5.8655, 6.5442e-14
5.8775, 6.5442e-14
5.8894, 6.5442e-14
5.9014, 6.5442e-14
5.9134, 6.5009e-14
5.9255, 6.5009e-14
5.9375, 6.5009e-14
5.9496, 6.5009e-14
5.9617, 6.5009e-14
5.9739, 6.4579e-14
5.986, 6.4579e-14
5.9982, 6.4579e-14
6.0105, 6.4579e-14
6.0227, 6.4579e-14
6.035, 6.4579e-14
6.0472, 6.4579e-14
6.0596, 6.5009e-14
6.0719, 6.5009e-14
6.0843, 6.5442e-14
6.0967, 6.5442e-14
6.1091, 6.5878e-14
6.1215, 6.5878e-14
6.134, 6.6317e-14
6.1465, 6.6317e-14
6.159, 6.6758e-14
6.159, 6.7203e-14
6.1716, 6.7203e-14
6.1841, 6.765e-14
6.1841, 6.8101e-14
6.1967, 6.8555e-14
6.2093, 6.8555e-14
6.2094, 6.9011e-14
6.222, 6.9471e-14
6.2347, 6.9933e-14
6.2474, 7.0399e-14
6.2474, 7.0868e-14
6.2601, 7.0868e-14
6.2601, 7.134e-14
6.2729, 7.1815e-14
6.2856, 7.2293e-14
6.2856, 7.2775e-14
6.2984, 7.2775e-14
6.2985, 7.326e-14
6.3113, 7.3748e-14
6.3241, 7.4239e-14
6.3241, 7.4733e-14
6.337, 7.5231e-14
6.3498, 7.5732e-14
6.3498, 7.6236e-14
6.3629, 7.6744e-14
6.3629, 7.7255e-14
6.3758, 7.777e-14
6.3888, 7.8288e-14
6.3888, 7.8809e-14
6.4019, 7.8809e-14
6.4019, 7.9334e-14
6.4149, 7.9862e-14
6.428, 8.0394e-14
6.428, 8.093e-14
6.4411, 8.093e-14
6.4411, 8.1469e-14
6.4542, 8.2011e-14
6.4673, 8.2558e-14
6.4673, 8.3107e-14
6.4805, 8.3107e-14
6.4937, 8.3661e-14
6.4937, 8.4218e-14
6.5069, 8.4779e-14
6.5202, 8.4779e-14
6.5202, 8.5344e-14
6.5335, 8.5912e-14
6.5468, 8.6484e-14
6.5601, 8.706e-14
6.5735, 8.706e-14
6.5735, 8.764e-14
6.5869, 8.764e-14
6.6002, 8.8224e-14
6.6137, 8.8811e-14
6.6272, 8.8811e-14
6.6272, 8.9403e-14
6.6407, 8.9403e-14
6.6542, 8.9998e-14
6.6678, 8.9998e-14
6.6814, 9.0598e-14
6.6949, 9.0598e-14
6.7086, 9.0598e-14
6.7223, 9.0598e-14
6.736, 9.1201e-14
6.7497, 9.1201e-14
6.7633, 9.1201e-14
6.7772, 9.1808e-14
6.791, 9.1808e-14
6.8048, 9.1808e-14
6.8187, 9.242e-14
6.8326, 9.242e-14
6.8465, 9.3035e-14
6.8605, 9.3035e-14
6.8744, 9.3655e-14
6.8883, 9.3655e-14
6.9024, 9.4279e-14
6.9165, 9.4279e-14
6.9306, 9.4279e-14
6.9447, 9.4907e-14
6.9588, 9.4907e-14
6.9729, 9.5539e-14
6.9872, 9.5539e-14
7.0015, 9.6175e-14
7.0157, 9.6175e-14
7.03, 9.6816e-14
7.0443, 9.6816e-14
7.0587, 9.7461e-14
7.0731, 9.7461e-14
7.0731, 9.811e-14
7.0875, 9.811e-14
7.1019, 9.8763e-14
7.1164, 9.9421e-14
7.1309, 9.9421e-14
7.1309, 1.0008e-13
7.1454, 1.0008e-13
7.16, 1.0075e-13
7.1745, 1.0142e-13
7.1892, 1.021e-13
7.2038, 1.0278e-13
7.2185, 1.0346e-13
7.2332, 1.0415e-13
7.2479, 1.0484e-13
7.2627, 1.0554e-13
7.2775, 1.0624e-13
7.2923, 1.0695e-13
7.3072, 1.0766e-13
7.3221, 1.0838e-13
7.337, 1.091e-13
7.3519, 1.0983e-13
7.3669, 1.1056e-13
7.3819, 1.113e-13
7.3969, 1.1204e-13
7.412, 1.1279e-13
7.4271, 1.1354e-13
7.4422, 1.1429e-13
7.4574, 1.1505e-13
7.4726, 1.1582e-13
7.4878, 1.1659e-13
7.503, 1.1659e-13
7.503, 1.1737e-13
7.5183, 1.1737e-13
7.5337, 1.1815e-13
7.549, 1.1894e-13
7.5644, 1.1894e-13
7.5644, 1.1973e-13
7.5798, 1.1973e-13
7.5952, 1.2053e-13
7.6107, 1.2053e-13
7.6261, 1.2133e-13
7.6417, 1.2133e-13
7.6573, 1.2214e-13
7.6729, 1.2214e-13
7.6885, 1.2295e-13
7.7042, 1.2295e-13
7.7199, 1.2377e-13
7.7356, 1.2377e-13
7.7513, 1.2377e-13
7.7671, 1.2459e-13
7.783, 1.2459e-13
7.7988, 1.2542e-13
7.8147, 1.2542e-13
7.8306, 1.2626e-13
7.8466, 1.2626e-13
7.8625, 1.271e-13
7.8786, 1.271e-13
7.8946, 1.271e-13
7.9106, 1.271e-13
7.9268, 1.2795e-13
7.9428, 1.2795e-13
7.959, 1.2795e-13
7.9752, 1.2795e-13
7.9916, 1.2795e-13
8.0078, 1.288e-13
8.0242, 1.288e-13
8.0405, 1.288e-13
8.0569, 1.288e-13
8.0733, 1.2966e-13
8.0897, 1.2966e-13
8.1062, 1.3052e-13
8.1227, 1.3052e-13
8.1393, 1.3139e-13
8.1558, 1.3139e-13
8.1724, 1.3226e-13
8.1891, 1.3226e-13
8.2058, 1.3226e-13
8.2225, 1.3314e-13
8.2392, 1.3314e-13
8.256, 1.3403e-13
8.2728, 1.3403e-13
8.2897, 1.3492e-13
8.3066, 1.3492e-13
8.3235, 1.3582e-13
8.3404, 1.3582e-13
8.3574, 1.3673e-13
8.3744, 1.3673e-13
8.3744, 1.3764e-13
8.3915, 1.3855e-13
8.4086, 1.3855e-13
8.4257, 1.3948e-13
8.4257, 1.4041e-13
8.4429, 1.4041e-13
8.4601, 1.4134e-13
8.4773, 1.4228e-13
8.4946, 1.4323e-13
8.5119, 1.4323e-13
8.5119, 1.4418e-13
8.5292, 1.4418e-13
8.5466, 1.4514e-13
8.564, 1.4611e-13
8.5815, 1.4611e-13
8.5815, 1.4708e-13
8.5989, 1.4708e-13
8.6165, 1.4806e-13
8.634, 1.4905e-13
8.6516, 1.4905e-13
8.6516, 1.5004e-13
8.6692, 1.5004e-13
8.6869, 1.5104e-13
8.7046, 1.5205e-13
8.7223, 1.5205e-13
8.7223, 1.5306e-13
8.7401, 1.5306e-13
8.7579, 1.5408e-13
8.7757, 1.5408e-13
8.7936, 1.5408e-13
8.8115, 1.5511e-13
8.8294, 1.5511e-13
8.8474, 1.5511e-13
8.8654, 1.5511e-13
8.8835, 1.5614e-13
8.9016, 1.5614e-13
8.9197, 1.5718e-13
8.9379, 1.5823e-13
8.9561, 1.5823e-13
8.9743, 1.5928e-13
8.9926, 1.5928e-13
9.0109, 1.6034e-13
9.0293, 1.6034e-13
9.0477, 1.6141e-13
9.0661, 1.6248e-13
9.0846, 1.6248e-13
9.1031, 1.6357e-13
9.1216, 1.6357e-13
9.1402, 1.6466e-13
9.1588, 1.6466e-13
9.1775, 1.6575e-13
9.1962, 1.6575e-13
9.2149, 1.6686e-13
9.2337, 1.6686e-13
9.2525, 1.6797e-13
9.2713, 1.6797e-13
9.2902, 1.6909e-13
9.3091, 1.6909e-13
9.3091, 1.7021e-13
9.3281, 1.7021e-13
9.3471, 1.7135e-13
9.366, 1.7135e-13
9.3852, 1.7249e-13
9.4043, 1.7249e-13
9.4235, 1.7364e-13
9.4426, 1.7364e-13
9.4619, 1.7479e-13
9.4812, 1.7596e-13
9.5005, 1.7596e-13
9.5198, 1.7596e-13
9.5392, 1.7596e-13
9.5586, 1.7596e-13
9.5781, 1.7596e-13
9.5976, 1.7596e-13
9.6172, 1.7596e-13
9.6367, 1.7596e-13
9.6564, 1.7596e-13
9.676, 1.7596e-13
9.6957, 1.7596e-13
9.7155, 1.7596e-13
9.7353, 1.7596e-13
9.7551, 1.7596e-13
9.775, 1.7596e-13
9.7949, 1.7596e-13
9.8148, 1.7596e-13
9.8348, 1.7596e-13
9.8548, 1.7596e-13
9.8749, 1.7596e-13
9.895, 1.7596e-13
9.9152, 1.7596e-13
9.9353, 1.7596e-13
9.9556, 1.7596e-13
9.9759, 1.7596e-13
9.9962, 1.7596e-13
10.0165, 1.7479e-13
10.0369, 1.7479e-13
10.0574, 1.7479e-13
10.0778, 1.7479e-13
10.0984, 1.7479e-13
10.1189, 1.7479e-13
10.1395, 1.7479e-13
10.1602, 1.7479e-13
10.1809, 1.7479e-13
10.2016, 1.7479e-13
10.2224, 1.7479e-13
10.2432, 1.7479e-13
10.2641, 1.7479e-13
10.285, 1.7479e-13
10.3059, 1.7479e-13
10.3269, 1.7596e-13
10.3479, 1.7596e-13
10.369, 1.7596e-13
10.3901, 1.7713e-13
10.4113, 1.7713e-13
10.4325, 1.7713e-13
10.4537, 1.7831e-13
10.475, 1.7831e-13
10.4964, 1.795e-13
10.5177, 1.795e-13
10.5177, 1.8069e-13
10.5392, 1.8069e-13
10.5606, 1.8189e-13
10.5822, 1.8311e-13
10.6037, 1.8311e-13
10.6037, 1.8433e-13
10.6253, 1.8433e-13
10.6469, 1.8555e-13
10.6686, 1.8679e-13
10.6904, 1.8679e-13
10.7121, 1.8803e-13
10.734, 1.8929e-13
10.7558, 1.8929e-13
10.7776, 1.9055e-13
10.7997, 1.9055e-13
10.8216, 1.9182e-13
10.8437, 1.9309e-13
10.8658, 1.9309e-13
10.8658, 1.9438e-13
10.8879, 1.9438e-13
10.9101, 1.9567e-13
10.9324, 1.9698e-13
10.9546, 1.9698e-13
10.9546, 1.9829e-13
10.9769, 1.9829e-13
10.9992, 1.9961e-13
11.0217, 1.9961e-13
11.0441, 2.0094e-13
11.0666, 2.0094e-13
11.0666, 2.0228e-13
11.0892, 2.0228e-13
11.1118, 2.0362e-13
11.1344, 2.0362e-13
11.1571, 2.0498e-13
11.1798, 2.0498e-13
11.2026, 2.0635e-13
11.2254, 2.0635e-13
11.2483, 2.0772e-13
11.2711, 2.0772e-13
11.2711, 2.091e-13
11.2941, 2.091e-13
11.3171, 2.105e-13
11.3402, 2.105e-13
11.3633, 2.119e-13
11.3864, 2.119e-13
11.4096, 2.1331e-13
11.4329, 2.1331e-13
11.4561, 2.1473e-13
11.4795, 2.1473e-13
11.5029, 2.1616e-13
11.5263, 2.1616e-13
11.5497, 2.176e-13
11.5733, 2.176e-13
11.5969, 2.1905e-13
11.6205, 2.1905e-13
11.6441, 2.1905e-13
11.6679, 2.2051e-13
11.6916, 2.2051e-13
11.7154, 2.2198e-13
11.7393, 2.2198e-13
11.7631, 2.2345e-13
11.7872, 2.2345e-13
11.8112, 2.2494e-13
11.8352, 2.2494e-13
11.8593, 2.2494e-13
11.8835, 2.2494e-13
11.9077, 2.2644e-13
11.932, 2.2644e-13
11.9562, 2.2644e-13
11.9806, 2.2644e-13
12.005, 2.2644e-13
12.0295, 2.2795e-13
12.0539, 2.2795e-13
12.0785, 2.2795e-13
12.1031, 2.2795e-13
12.1277, 2.2947e-13
12.1524, 2.2947e-13
12.1772, 2.31e-13
12.202, 2.31e-13
12.2269, 2.3253e-13
12.2518, 2.3253e-13
12.2767, 2.3408e-13
12.3017, 2.3408e-13
12.3268, 2.3408e-13
12.3519, 2.3408e-13
12.377, 2.3564e-13
12.4022, 2.3564e-13
12.4275, 2.3564e-13
12.4527, 2.3564e-13
12.4782, 2.3564e-13
12.5036, 2.3721e-13
12.529, 2.3721e-13
12.5546, 2.3721e-13
12.58, 2.3721e-13
12.6057, 2.3721e-13
12.6314, 2.3879e-13
12.6571, 2.3879e-13
12.6829, 2.3879e-13
12.7088, 2.3879e-13
12.7346, 2.3879e-13
12.7606, 2.4038e-13
12.7866, 2.4038e-13
12.8126, 2.4038e-13
12.8387, 2.4038e-13
12.8648, 2.4038e-13
12.891, 2.4198e-13
12.9173, 2.4198e-13
12.9436, 2.4198e-13
12.97, 2.4198e-13
12.9964, 2.4198e-13
13.0228, 2.4198e-13
13.0493, 2.4359e-13
13.0759, 2.4359e-13
13.1026, 2.4359e-13
13.1293, 2.4359e-13
13.156, 2.4359e-13
13.1828, 2.4359e-13
13.2096, 2.4359e-13
13.2365, 2.4359e-13
13.2635, 2.4522e-13
13.2905, 2.4522e-13
13.3176, 2.4522e-13
13.3447, 2.4522e-13
13.3719, 2.4522e-13
13.3991, 2.4522e-13
13.4264, 2.4522e-13
13.4537, 2.4522e-13
13.4811, 2.4522e-13
13.5086, 2.4522e-13
13.5361, 2.4685e-13
13.5636, 2.4685e-13
13.5913, 2.4685e-13
13.619, 2.4685e-13
13.6467, 2.4685e-13
13.6745, 2.4685e-13
13.7023, 2.4685e-13
13.7302, 2.4685e-13
13.7582, 2.4685e-13
13.7862, 2.4685e-13
13.8143, 2.4685e-13
13.8424, 2.4685e-13
13.8706, 2.4685e-13
13.8989, 2.4685e-13
13.9272, 2.4685e-13
13.9555, 2.4685e-13
13.9839, 2.4685e-13
14.0124, 2.4685e-13
14.041, 2.4685e-13
14.0695, 2.4685e-13
14.0982, 2.4849e-13
14.1269, 2.4849e-13
14.1557, 2.4849e-13
14.1844, 2.4849e-13
14.2134, 2.4849e-13
14.2423, 2.4849e-13
14.2713, 2.4849e-13
14.3004, 2.4849e-13
14.3295, 2.4849e-13
14.3587, 2.4849e-13
14.388, 2.5015e-13
14.4173, 2.5015e-13
14.4466, 2.5015e-13
14.476, 2.5015e-13
14.5055, 2.5015e-13
14.5351, 2.5015e-13
14.5647, 2.5015e-13
14.5943, 2.5015e-13
14.624, 2.5015e-13
14.6538, 2.5015e-13
14.6837, 2.5015e-13
14.7136, 2.5015e-13
14.7435, 2.5015e-13
14.7736, 2.5015e-13
14.8035, 2.5015e-13
14.8338, 2.5015e-13
14.8639, 2.5015e-13
14.8942, 2.5015e-13
14.9245, 2.5015e-13
14.955, 2.5015e-13
14.9854, 2.4849e-13
15.016, 2.4849e-13
15.0465, 2.4849e-13
15.0772, 2.4849e-13
15.1078, 2.4849e-13
15.1386, 2.4685e-13
15.1695, 2.4685e-13
15.1695, 2.4522e-13
15.2003, 2.4522e-13
15.2313, 2.4359e-13
15.2623, 2.4198e-13
15.2934, 2.4198e-13
15.2934, 2.4038e-13
15.3245, 2.4038e-13
15.3557, 2.3879e-13
15.387, 2.3879e-13
15.4183, 2.3721e-13
15.4497, 2.3721e-13
15.4811, 2.3564e-13
15.5127, 2.3564e-13
15.5443, 2.3408e-13
15.5758, 2.3408e-13
15.6076, 2.3253e-13
15.6394, 2.3253e-13
15.6712, 2.31e-13
15.7031, 2.31e-13
15.7031, 2.2947e-13
15.7351, 2.2947e-13
15.7671, 2.2795e-13
15.7992, 2.2644e-13
15.8314, 2.2644e-13
15.8314, 2.2494e-13
15.8636, 2.2494e-13
15.8959, 2.2345e-13
15.9283, 2.2345e-13
15.9607, 2.2198e-13
15.9931, 2.2198e-13
16.0258, 2.2051e-13
16.0584, 2.1905e-13
16.0911, 2.1905e-13
16.1239, 2.176e-13
16.1567, 2.176e-13
16.1896, 2.176e-13
16.2226, 2.1616e-13
16.2556, 2.1616e-13
16.2887, 2.1616e-13
16.3219, 2.1616e-13
16.3551, 2.1616e-13
16.3884, 2.1616e-13
16.4218, 2.1473e-13
16.4552, 2.1473e-13
16.4887, 2.1473e-13
16.5223, 2.1473e-13
16.556, 2.1473e-13
16.5897, 2.1473e-13
16.6235, 2.1473e-13
16.6573, 2.1473e-13
16.6912, 2.1473e-13
16.7252, 2.1473e-13
16.7593, 2.1473e-13
16.7934, 2.1473e-13
16.8276, 2.1473e-13
16.8618, 2.1473e-13
16.8961, 2.1473e-13
16.9306, 2.1473e-13
16.9651, 2.1473e-13
16.9997, 2.1616e-13
17.0343, 2.1616e-13
17.069, 2.1616e-13
17.1037, 2.1616e-13
17.1386, 2.1616e-13
17.1735, 2.176e-13
17.2085, 2.176e-13
17.2435, 2.176e-13
17.2786, 2.176e-13
17.3138, 2.1905e-13
17.3491, 2.1905e-13
17.3844, 2.1905e-13
17.4198, 2.1905e-13
17.4553, 2.2051e-13
17.4908, 2.2051e-13
17.5265, 2.2051e-13
17.5622, 2.2198e-13
17.5979, 2.2198e-13
17.6338, 2.2198e-13
17.6697, 2.2198e-13
17.7057, 2.2198e-13
17.7417, 2.2198e-13
17.7778, 2.2198e-13
17.8141, 2.2345e-13
17.8502, 2.2345e-13
17.8867, 2.2345e-13
17.9231, 2.2345e-13
17.9596, 2.2345e-13
17.9962, 2.2345e-13
18.0328, 2.2345e-13
18.0695, 2.2494e-13
18.1064, 2.2494e-13
18.1432, 2.2494e-13
18.1802, 2.2494e-13
18.2172, 2.2644e-13
18.2543, 2.2644e-13
18.2915, 2.2644e-13
18.3288, 2.2644e-13
18.366, 2.2644e-13
18.4035, 2.2644e-13
18.441, 2.2644e-13
18.4785, 2.2644e-13
18.5162, 2.2795e-13
18.5539, 2.2795e-13
18.5916, 2.2795e-13
18.6295, 2.2795e-13
18.6674, 2.2795e-13
18.7055, 2.2795e-13
18.7436, 2.2947e-13
18.7816, 2.2947e-13
18.8199, 2.31e-13
18.8582, 2.31e-13
18.8967, 2.3253e-13
18.9352, 2.3253e-13
18.9738, 2.3408e-13
19.0124, 2.3408e-13
19.0512, 2.3408e-13
19.0899, 2.3408e-13
19.1288, 2.3564e-13
19.1678, 2.3564e-13
19.2068, 2.3564e-13
19.2459, 2.3564e-13
19.2851, 2.3564e-13
19.3244, 2.3721e-13
19.3638, 2.3721e-13
19.4032, 2.3721e-13
19.4426, 2.3721e-13
19.4823, 2.3879e-13
19.522, 2.3879e-13
19.5617, 2.4038e-13
19.6016, 2.4038e-13
19.6415, 2.4198e-13
19.6815, 2.4198e-13
19.7216, 2.4359e-13
19.7618, 2.4359e-13
19.802, 2.4359e-13
19.8424, 2.4522e-13
19.8828, 2.4522e-13
19.9233, 2.4522e-13
19.9638, 2.4522e-13
20.0045, 2.4685e-13
20.0453, 2.4685e-13
20.0861, 2.4685e-13
20.127, 2.4849e-13
20.168, 2.4849e-13
20.2091, 2.4849e-13
20.2502, 2.4849e-13
20.2915, 2.5015e-13
20.3328, 2.5015e-13
20.3742, 2.5015e-13
20.4157, 2.5015e-13
20.4573, 2.5181e-13
20.4989, 2.5181e-13
20.5407, 2.5181e-13
20.5825, 2.5181e-13
20.6244, 2.5181e-13
20.6663, 2.5349e-13
20.7085, 2.5349e-13
20.7507, 2.5349e-13
20.793, 2.5349e-13
20.8353, 2.5349e-13
20.8777, 2.5518e-13
20.9203, 2.5518e-13
20.9628, 2.5518e-13
21.0055, 2.5518e-13
21.0483, 2.5518e-13
21.0912, 2.5518e-13
21.1341, 2.5518e-13
21.1772, 2.5518e-13
21.2203, 2.5688e-13
21.2635, 2.5688e-13
21.3068, 2.5688e-13
21.3502, 2.5688e-13
21.3937, 2.5688e-13
21.4373, 2.5688e-13
21.4809, 2.5859e-13
21.5247, 2.5859e-13
21.5685, 2.6031e-13
21.6125, 2.6031e-13
21.6564, 2.6205e-13
21.7006, 2.6205e-13
21.7448, 2.6379e-13
21.7891, 2.6379e-13
21.8335, 2.6379e-13
21.8779, 2.6555e-13
21.9224, 2.6555e-13
21.967, 2.6555e-13
22.0119, 2.6555e-13
22.0567, 2.6732e-13
22.1016, 2.6732e-13
22.1466, 2.6732e-13
22.1917, 2.691e-13
22.2368, 2.691e-13
22.2822, 2.691e-13
22.3276, 2.7089e-13
22.3731, 2.7089e-13
22.3731, 2.7269e-13
22.4187, 2.7269e-13
22.4643, 2.7451e-13
22.5101, 2.7451e-13
22.5558, 2.7634e-13
22.6019, 2.7634e-13
22.6479, 2.7818e-13
22.6941, 2.8003e-13
22.7403, 2.8003e-13
22.7866, 2.819e-13
22.833, 2.8377e-13
22.8795, 2.8377e-13
22.9261, 2.8566e-13
22.9727, 2.8566e-13
23.0196, 2.8757e-13
23.0665, 2.8948e-13
23.1135, 2.8948e-13
23.1135, 2.9141e-13
23.1606, 2.9141e-13
23.2077, 2.9335e-13
23.255, 2.953e-13
23.3024, 2.953e-13
23.3024, 2.9727e-13
23.3498, 2.9727e-13
23.3974, 2.9925e-13
23.4451, 3.0124e-13
23.4928, 3.0325e-13
23.5407, 3.0527e-13
23.5887, 3.073e-13
23.6367, 3.0935e-13
23.6848, 3.1141e-13
23.733, 3.1348e-13
23.7814, 3.1557e-13
23.8298, 3.1767e-13
23.8784, 3.1979e-13
23.9271, 3.2192e-13
23.9758, 3.2406e-13
24.0247, 3.2622e-13
24.0735, 3.2839e-13
24.1227, 3.3058e-13
24.1227, 3.3278e-13
24.1718, 3.3278e-13
24.1718, 3.35e-13
24.2211, 3.3723e-13
24.2704, 3.3948e-13
24.2704, 3.4174e-13
24.3199, 3.4174e-13
24.3199, 3.4401e-13
24.3694, 3.4631e-13
24.4191, 3.4861e-13
24.4191, 3.5093e-13
24.4687, 3.5093e-13
24.4687, 3.5327e-13
24.5187, 3.5562e-13
24.5686, 3.5799e-13
24.5686, 3.6038e-13
24.6187, 3.6038e-13
24.6187, 3.6278e-13
24.6688, 3.6519e-13
24.7191, 3.6763e-13
24.7191, 3.7007e-13
24.7694, 3.7007e-13
24.7694, 3.7254e-13
24.8199, 3.7502e-13
