#DataThief /ssd/majorana/analysis/lowe/xenon100_pseudoscalar_9_2017.png Friday 2-Feb-2018 2:39:39 PM
8.136, 3.0995e-13
8.1359, 3.1291e-13
8.1613, 3.159e-13
8.1613, 3.1892e-13
8.1868, 3.1892e-13
8.1868, 3.2197e-13
8.2124, 3.2504e-13
8.2123, 3.2815e-13
8.238, 3.3128e-13
8.238, 3.3444e-13
8.2637, 3.3764e-13
8.2894, 3.4086e-13
8.2894, 3.4412e-13
8.3154, 3.4412e-13
8.3153, 3.4741e-13
8.3413, 3.5072e-13
8.3674, 3.5407e-13
8.3673, 3.5746e-13
8.3935, 3.5746e-13
8.3935, 3.6087e-13
8.4197, 3.6432e-13
8.446, 3.678e-13
8.4459, 3.7131e-13
8.4723, 3.7131e-13
8.4723, 3.7486e-13
8.4988, 3.7844e-13
8.5253, 3.8205e-13
8.5253, 3.857e-13
8.5518, 3.857e-13
8.5518, 3.8939e-13
8.5786, 3.9311e-13
8.6054, 3.9686e-13
8.6054, 4.0065e-13
8.6322, 4.0065e-13
8.6322, 4.0448e-13
8.6592, 4.0834e-13
8.6862, 4.1224e-13
8.6862, 4.1618e-13
8.7133, 4.1618e-13
8.7133, 4.2015e-13
8.7405, 4.2417e-13
8.7678, 4.2822e-13
8.7678, 4.3231e-13
8.7952, 4.3231e-13
8.7952, 4.3644e-13
8.8226, 4.4061e-13
8.8502, 4.4482e-13
8.8502, 4.4906e-13
8.8778, 4.4906e-13
8.8778, 4.5335e-13
8.9055, 4.5768e-13
8.9333, 4.6206e-13
8.9612, 4.6647e-13
8.9891, 4.7092e-13
9.0173, 4.7542e-13
9.0454, 4.7996e-13
9.0737, 4.8455e-13
9.102, 4.8918e-13
9.1304, 4.9385e-13
9.159, 4.9385e-13
9.1589, 4.9857e-13
9.1876, 4.9857e-13
9.2162, 5.0333e-13
9.245, 5.0814e-13
9.2739, 5.0814e-13
9.2739, 5.1299e-13
9.3029, 5.1299e-13
9.3319, 5.1789e-13
9.3611, 5.2284e-13
9.3902, 5.2284e-13
9.3902, 5.2783e-13
9.4196, 5.2783e-13
9.449, 5.3287e-13
9.4785, 5.3796e-13
9.5082, 5.3796e-13
9.5081, 5.431e-13
9.5379, 5.431e-13
9.5676, 5.4829e-13
9.5975, 5.4829e-13
9.6275, 5.5352e-13
9.6576, 5.5352e-13
9.6877, 5.5881e-13
9.718, 5.5881e-13
9.7484, 5.6415e-13
9.7788, 5.6415e-13
9.8094, 5.6954e-13
9.8399, 5.6954e-13
9.8708, 5.6954e-13
9.9016, 5.6954e-13
9.9325, 5.7498e-13
9.9636, 5.7498e-13
9.9947, 5.7498e-13
10.0259, 5.7498e-13
10.0573, 5.7498e-13
10.0887, 5.8047e-13
10.1202, 5.8047e-13
10.1518, 5.8047e-13
10.1836, 5.8047e-13
10.2154, 5.8047e-13
10.2473, 5.8601e-13
10.2793, 5.8601e-13
10.3114, 5.8601e-13
10.3436, 5.8601e-13
10.376, 5.8601e-13
10.4083, 5.9161e-13
10.4409, 5.9161e-13
10.4735, 5.9161e-13
10.5063, 5.9161e-13
10.5391, 5.9726e-13
10.572, 5.9726e-13
10.605, 5.9726e-13
10.6381, 5.9726e-13
10.6714, 6.0297e-13
10.7046, 6.0297e-13
10.7382, 6.0297e-13
10.7717, 6.0873e-13
10.8054, 6.0873e-13
10.8391, 6.1454e-13
10.873, 6.1454e-13
10.873, 6.2041e-13
10.9069, 6.2041e-13
10.9409, 6.2634e-13
10.9752, 6.3232e-13
11.0095, 6.3232e-13
11.0094, 6.3836e-13
11.0438, 6.3836e-13
11.0783, 6.4446e-13
11.1129, 6.5061e-13
11.1476, 6.5061e-13
11.1476, 6.5683e-13
11.1824, 6.5683e-13
11.2174, 6.631e-13
11.2524, 6.6943e-13
11.2876, 6.6943e-13
11.2875, 6.7583e-13
11.3228, 6.7583e-13
11.3582, 6.8228e-13
11.3936, 6.8228e-13
11.4292, 6.888e-13
11.4649, 6.888e-13
11.4649, 6.9538e-13
11.5007, 6.9538e-13
11.5366, 7.0202e-13
11.5727, 7.0202e-13
11.6088, 7.0873e-13
11.6451, 7.0873e-13
11.6815, 7.155e-13
11.718, 7.155e-13
11.7546, 7.2233e-13
11.7913, 7.2233e-13
11.8281, 7.2923e-13
11.8651, 7.2923e-13
11.9021, 7.3619e-13
11.9393, 7.3619e-13
11.9766, 7.4323e-13
12.014, 7.4323e-13
12.0516, 7.4323e-13
12.0892, 7.4323e-13
12.127, 7.4323e-13
12.1649, 7.4323e-13
12.2029, 7.4323e-13
12.2411, 7.4323e-13
12.2793, 7.4323e-13
12.3176, 7.4323e-13
12.3562, 7.4323e-13
12.3948, 7.4323e-13
12.4335, 7.4323e-13
12.4724, 7.4323e-13
12.5114, 7.4323e-13
12.5505, 7.4323e-13
12.5897, 7.4323e-13
12.629, 7.5033e-13
12.6684, 7.5033e-13
12.7081, 7.5033e-13
12.7478, 7.5033e-13
12.7875, 7.5033e-13
12.8276, 7.5033e-13
12.8677, 7.5033e-13
12.9079, 7.5033e-13
12.9482, 7.5033e-13
12.9887, 7.5033e-13
13.0292, 7.5749e-13
13.0699, 7.5749e-13
13.1108, 7.5749e-13
13.1518, 7.5749e-13
13.1929, 7.5749e-13
13.2341, 7.5749e-13
13.2753, 7.5749e-13
13.3169, 7.5749e-13
13.3585, 7.5749e-13
13.4003, 7.5749e-13
13.4421, 7.6473e-13
13.4841, 7.6473e-13
13.5263, 7.6473e-13
13.5685, 7.6473e-13
13.6109, 7.6473e-13
13.6535, 7.6473e-13
13.6962, 7.6473e-13
13.7389, 7.6473e-13
13.7819, 7.6473e-13
13.8249, 7.7203e-13
13.8681, 7.7203e-13
13.9115, 7.7203e-13
13.9548, 7.7203e-13
13.9985, 7.7203e-13
14.0423, 7.6473e-13
14.0862, 7.6473e-13
14.0862, 7.5749e-13
14.1303, 7.5749e-13
14.1745, 7.5033e-13
14.2187, 7.4323e-13
14.2631, 7.4323e-13
14.2633, 7.3619e-13
14.3078, 7.3619e-13
14.3526, 7.2923e-13
14.3975, 7.2233e-13
14.4425, 7.155e-13
14.4877, 7.0873e-13
14.533, 7.0202e-13
14.5784, 6.9538e-13
14.624, 6.888e-13
14.6698, 6.8228e-13
14.6698, 6.7583e-13
14.7157, 6.6943e-13
14.7157, 6.631e-13
14.7618, 6.5683e-13
14.7618, 6.5061e-13
14.808, 6.4446e-13
14.808, 6.3836e-13
14.8542, 6.3232e-13
14.8544, 6.2634e-13
14.8544, 6.2041e-13
14.9009, 6.1454e-13
14.9009, 6.0873e-13
14.9475, 6.0873e-13
14.9475, 6.0297e-13
14.9943, 5.9726e-13
14.9943, 5.9161e-13
15.0412, 5.8601e-13
15.0412, 5.8047e-13
15.0883, 5.7498e-13
15.1355, 5.6954e-13
15.1355, 5.6415e-13
15.1828, 5.6415e-13
15.1828, 5.5881e-13
15.2303, 5.5352e-13
15.278, 5.4829e-13
15.278, 5.431e-13
15.3258, 5.431e-13
15.3258, 5.3796e-13
15.3737, 5.3287e-13
15.4218, 5.3287e-13
15.47, 5.2783e-13
15.5184, 5.2783e-13
15.5669, 5.2284e-13
15.6156, 5.1789e-13
15.6644, 5.1789e-13
15.7133, 5.1789e-13
15.7624, 5.2284e-13
15.8115, 5.2284e-13
15.8115, 5.2783e-13
15.861, 5.2783e-13
15.9104, 5.3287e-13
15.9603, 5.3287e-13
16.0101, 5.3796e-13
16.0601, 5.3796e-13
16.1103, 5.431e-13
16.1606, 5.4829e-13
16.1605, 5.5352e-13
16.211, 5.5352e-13
16.211, 5.5881e-13
16.2616, 5.6415e-13
16.3124, 5.6954e-13
16.3124, 5.7498e-13
16.3633, 5.7498e-13
16.3633, 5.8047e-13
16.4144, 5.8601e-13
16.4656, 5.9161e-13
16.4656, 5.9726e-13
16.517, 5.9726e-13
16.517, 6.0297e-13
16.5686, 6.0873e-13
16.6202, 6.1454e-13
16.6202, 6.2041e-13
16.6722, 6.2041e-13
16.6722, 6.2634e-13
16.7242, 6.3232e-13
16.7242, 6.3836e-13
16.7764, 6.4446e-13
16.7764, 6.5061e-13
16.8288, 6.5061e-13
16.8287, 6.5683e-13
16.8813, 6.631e-13
16.8812, 6.6943e-13
16.9339, 6.7583e-13
16.9339, 6.8228e-13
16.9868, 6.888e-13
17.0398, 6.9538e-13
17.093, 7.0202e-13
17.1464, 7.0873e-13
17.1999, 7.155e-13
17.2536, 7.2233e-13
17.3075, 7.2923e-13
17.3616, 7.3619e-13
17.4158, 7.4323e-13
17.4701, 7.5033e-13
17.5247, 7.5749e-13
17.5794, 7.6473e-13
17.6343, 7.7203e-13
17.6894, 7.7941e-13
17.7446, 7.8685e-13
17.8, 7.9437e-13
17.8556, 8.0195e-13
17.9113, 8.0961e-13
17.9673, 8.1735e-13
18.0234, 8.2515e-13
18.0796, 8.3304e-13
18.136, 8.4099e-13
18.1928, 8.4099e-13
18.2496, 8.4902e-13
18.3066, 8.4902e-13
18.3066, 8.5713e-13
18.3638, 8.5713e-13
18.4211, 8.6532e-13
18.4787, 8.6532e-13
18.5364, 8.7359e-13
18.5943, 8.7359e-13
18.6524, 8.8193e-13
18.7107, 8.8193e-13
18.7691, 8.8193e-13
18.8277, 8.9035e-13
18.8866, 8.9035e-13
18.9456, 8.9035e-13
19.0048, 8.9035e-13
19.0642, 8.9035e-13
19.1237, 8.9886e-13
19.1835, 8.9886e-13
19.2434, 8.9886e-13
19.3035, 8.9886e-13
19.3639, 8.9886e-13
19.4245, 8.9035e-13
19.4852, 8.9035e-13
19.5461, 8.8193e-13
19.6072, 8.8193e-13
19.6684, 8.7359e-13
19.73, 8.7359e-13
19.7917, 8.6532e-13
19.8535, 8.6532e-13
19.9156, 8.6532e-13
19.9779, 8.5713e-13
20.0403, 8.5713e-13
20.103, 8.4902e-13
20.1658, 8.4902e-13
20.2288, 8.4099e-13
20.2921, 8.4099e-13
20.3555, 8.3304e-13
20.4192, 8.3304e-13
20.483, 8.3304e-13
20.547, 8.2515e-13
20.6112, 8.2515e-13
20.6757, 8.2515e-13
20.7403, 8.2515e-13
20.8051, 8.1735e-13
20.8702, 8.1735e-13
20.9354, 8.1735e-13
21.0009, 8.0961e-13
21.0665, 8.0961e-13
21.1323, 8.0961e-13
21.1984, 8.0961e-13
21.2647, 8.0195e-13
21.3311, 8.0195e-13
21.3978, 8.0195e-13
21.4646, 8.0195e-13
21.5316, 8.0195e-13
21.5991, 7.9437e-13
21.6665, 7.9437e-13
21.7343, 7.9437e-13
21.8022, 7.9437e-13
21.8702, 7.9437e-13
21.9386, 7.9437e-13
22.0072, 7.9437e-13
22.076, 7.9437e-13
22.145, 7.8685e-13
22.2142, 7.8685e-13
22.2837, 7.8685e-13
22.3533, 7.8685e-13
22.4232, 7.8685e-13
22.4932, 7.9437e-13
22.5635, 7.9437e-13
22.6339, 8.0195e-13
22.7046, 8.0961e-13
22.7755, 8.0961e-13
22.8467, 8.1735e-13
22.9181, 8.1735e-13
22.9896, 8.2515e-13
23.0614, 8.3304e-13
23.0613, 8.4099e-13
23.1334, 8.4099e-13
23.1334, 8.4902e-13
23.2056, 8.5713e-13
23.278, 8.6532e-13
23.278, 8.7359e-13
23.3507, 8.7359e-13
23.3507, 8.8193e-13
23.4236, 8.9035e-13
23.4967, 8.9886e-13
23.4967, 9.0744e-13
23.5701, 9.0744e-13
23.5699, 9.1611e-13
23.6436, 9.2486e-13
23.7174, 9.337e-13
23.7174, 9.4262e-13
23.7915, 9.4262e-13
23.7913, 9.5162e-13
23.8657, 9.6071e-13
23.8657, 9.6988e-13
23.9402, 9.7915e-13
23.9401, 9.885e-13
24.0149, 9.885e-13
24.0149, 9.9794e-13
24.0899, 1.0075e-12
24.0898, 1.0171e-12
24.165, 1.0268e-12
24.1649, 1.0366e-12
24.2404, 1.0465e-12
24.2403, 1.0565e-12
24.316, 1.0666e-12
24.316, 1.0768e-12
24.392, 1.0768e-12
24.3919, 1.0871e-12
24.4681, 1.0975e-12
24.468, 1.1079e-12
24.5444, 1.1185e-12
24.5443, 1.1292e-12
24.621, 1.14e-12
24.6978, 1.1509e-12
24.6978, 1.1619e-12
24.775, 1.1619e-12
24.7749, 1.173e-12
24.8523, 1.1842e-12
24.9298, 1.1955e-12
24.9298, 1.2069e-12
25.0077, 1.2069e-12
25.0076, 1.2184e-12
25.0857, 1.2301e-12
25.164, 1.2418e-12
25.2426, 1.2537e-12
25.3214, 1.2657e-12
25.4005, 1.2778e-12
25.4798, 1.29e-12
25.5594, 1.3023e-12
25.6392, 1.3147e-12
25.7191, 1.3273e-12
25.7995, 1.3273e-12
25.7995, 1.34e-12
25.8801, 1.34e-12
25.9609, 1.3528e-12
26.042, 1.3657e-12
26.1234, 1.3657e-12
26.1233, 1.3787e-12
26.205, 1.3787e-12
26.2868, 1.3919e-12
26.369, 1.3919e-12
26.4513, 1.4052e-12
26.534, 1.4052e-12
26.5339, 1.4186e-12
26.6168, 1.4186e-12
26.6999, 1.4322e-12
26.7833, 1.4322e-12
26.867, 1.4458e-12
26.9508, 1.4458e-12
27.0351, 1.4596e-12
27.1196, 1.4596e-12
27.2043, 1.4736e-12
27.2893, 1.4736e-12
27.2892, 1.4877e-12
27.3745, 1.4877e-12
27.46, 1.5019e-12
27.5457, 1.5019e-12
27.6318, 1.5162e-12
27.7181, 1.5162e-12
27.8047, 1.5307e-12
27.8916, 1.5307e-12
27.9787, 1.5453e-12
28.0661, 1.5453e-12
28.1537, 1.5601e-12
28.2417, 1.5601e-12
28.3299, 1.575e-12
28.4184, 1.575e-12
28.5072, 1.59e-12
28.5962, 1.59e-12
28.6856, 1.59e-12
28.7752, 1.6052e-12
28.8651, 1.6052e-12
28.9552, 1.6205e-12
29.0457, 1.6205e-12
29.1364, 1.636e-12
29.2275, 1.636e-12
29.3187, 1.6516e-12
29.4102, 1.6516e-12
29.5023, 1.6516e-12
29.5944, 1.6674e-12
29.6869, 1.6674e-12
29.7795, 1.6834e-12
29.8726, 1.6834e-12
29.9659, 1.6994e-12
30.0594, 1.6994e-12
30.1534, 1.7157e-12
30.2476, 1.7157e-12
30.3421, 1.7321e-12
30.4369, 1.7321e-12
30.4368, 1.7486e-12
30.5319, 1.7486e-12
30.6273, 1.7653e-12
30.7229, 1.7822e-12
30.8189, 1.7822e-12
30.8188, 1.7992e-12
30.9151, 1.7992e-12
31.0117, 1.8164e-12
31.1085, 1.8337e-12
31.2056, 1.8512e-12
31.3031, 1.8689e-12
31.4008, 1.8868e-12
31.4989, 1.9048e-12
31.5972, 1.923e-12
31.6959, 1.9413e-12
31.7948, 1.9599e-12
31.8942, 1.9599e-12
31.8941, 1.9786e-12
31.9938, 1.9786e-12
32.0937, 1.9975e-12
32.1939, 2.0166e-12
32.2945, 2.0166e-12
32.2944, 2.0358e-12
32.3953, 2.0358e-12
32.4965, 2.0553e-12
32.5981, 2.0553e-12
32.6998, 2.0749e-12
32.802, 2.0749e-12
32.9045, 2.0749e-12
33.0074, 2.0749e-12
33.1106, 2.0553e-12
33.2142, 2.0358e-12
33.318, 2.0166e-12
33.4222, 1.9975e-12
33.5268, 1.9786e-12
33.6316, 1.9599e-12
33.7368, 1.9413e-12
33.7368, 1.923e-12
33.8424, 1.9048e-12
33.8425, 1.8868e-12
33.9484, 1.8689e-12
33.9485, 1.8512e-12
34.0546, 1.8337e-12
34.0547, 1.8164e-12
34.1612, 1.7992e-12
34.1613, 1.7822e-12
34.1614, 1.7653e-12
34.1615, 1.7486e-12
34.1616, 1.7321e-12
34.1617, 1.7157e-12
34.1618, 1.6994e-12
34.2686, 1.6834e-12
34.2687, 1.6674e-12
34.2688, 1.6516e-12
34.2689, 1.636e-12
34.269, 1.6205e-12
34.2691, 1.6052e-12
34.3761, 1.59e-12
34.3763, 1.575e-12
34.4838, 1.5601e-12
34.4839, 1.5453e-12
34.5918, 1.5307e-12
34.5918, 1.5162e-12
34.7001, 1.5019e-12
34.7002, 1.4877e-12
34.7003, 1.4736e-12
34.7003, 1.4596e-12
34.7004, 1.4458e-12
34.7005, 1.4322e-12
34.7006, 1.4186e-12
34.8091, 1.4052e-12
34.8092, 1.3919e-12
34.8093, 1.3787e-12
34.8094, 1.3657e-12
34.8094, 1.3528e-12
34.8096, 1.34e-12
34.8096, 1.3273e-12
34.9186, 1.3147e-12
34.9186, 1.3023e-12
34.9186, 1.29e-12
34.9188, 1.2778e-12
34.9189, 1.2657e-12
35.0281, 1.2537e-12
35.0282, 1.2418e-12
35.0283, 1.2301e-12
35.0284, 1.2184e-12
35.0285, 1.2069e-12
35.1381, 1.1955e-12
35.1381, 1.1842e-12
35.1381, 1.173e-12
35.1383, 1.1619e-12
35.1384, 1.1509e-12
35.2483, 1.14e-12
35.2484, 1.1292e-12
35.2485, 1.1185e-12
35.2486, 1.1079e-12
35.2487, 1.0975e-12
35.3589, 1.0871e-12
35.359, 1.0768e-12
35.3591, 1.0666e-12
35.3592, 1.0565e-12
35.3593, 1.0465e-12
35.4699, 1.0366e-12
35.47, 1.0268e-12
35.4701, 1.0171e-12
35.4702, 1.0075e-12
35.5811, 9.9794e-13
35.5812, 9.885e-13
35.6925, 9.7915e-13
35.6926, 9.6988e-13
35.8042, 9.6071e-13
35.8043, 9.5162e-13
35.9163, 9.4262e-13
35.9163, 9.337e-13
35.9165, 9.2486e-13
35.9165, 9.1611e-13
35.9167, 9.0744e-13
35.9167, 8.9886e-13
35.9169, 8.9035e-13
36.0292, 8.8193e-13
36.0293, 8.7359e-13
36.0294, 8.6532e-13
36.0295, 8.5713e-13
36.0296, 8.4902e-13
36.0297, 8.4099e-13
36.1423, 8.3304e-13
36.1424, 8.2515e-13
36.2555, 8.1735e-13
36.2556, 8.0961e-13
36.369, 8.0195e-13
36.3691, 7.9437e-13
36.4828, 7.8685e-13
36.4828, 7.7941e-13
36.483, 7.7203e-13
36.5971, 7.6473e-13
36.5972, 7.5749e-13
36.7117, 7.5033e-13
36.7118, 7.4323e-13
36.8266, 7.3619e-13
36.8267, 7.2923e-13
36.9419, 7.2233e-13
36.942, 7.155e-13
36.9421, 7.0873e-13
37.0576, 7.0202e-13
37.0577, 6.9538e-13
37.1736, 6.888e-13
37.1737, 6.8228e-13
37.29, 6.7583e-13
37.2901, 6.6943e-13
37.4067, 6.631e-13
37.4068, 6.5683e-13
37.4069, 6.5061e-13
37.5239, 6.4446e-13
37.524, 6.3836e-13
37.6413, 6.3232e-13
37.6414, 6.2634e-13
37.7591, 6.2041e-13
37.7593, 6.1454e-13
37.8774, 6.0873e-13
37.8775, 6.0297e-13
37.9959, 5.9726e-13
37.996, 5.9161e-13
38.1148, 5.9161e-13
38.1149, 5.8601e-13
38.2341, 5.8047e-13
38.3537, 5.7498e-13
38.3538, 5.6954e-13
38.4736, 5.6954e-13
38.4737, 5.6415e-13
38.5939, 5.5881e-13
38.7147, 5.5352e-13
38.8357, 5.4829e-13
38.9573, 5.431e-13
39.0792, 5.3796e-13
39.2014, 5.3287e-13
39.324, 5.2783e-13
39.447, 5.2284e-13
39.5703, 5.2284e-13
39.6939, 5.2284e-13
39.818, 5.2284e-13
39.9424, 5.2284e-13
40.0672, 5.2284e-13
40.1925, 5.1789e-13
40.3181, 5.1789e-13
40.4441, 5.1789e-13
40.5705, 5.1789e-13
40.6973, 5.1789e-13
40.8244, 5.2284e-13
40.952, 5.2284e-13
40.9518, 5.2783e-13
41.0796, 5.3287e-13
41.2081, 5.3287e-13
41.3368, 5.3796e-13
41.3367, 5.431e-13
41.4658, 5.431e-13
41.5953, 5.4829e-13
41.7252, 5.5352e-13
41.8555, 5.5881e-13
41.8554, 5.6415e-13
41.9862, 5.6415e-13
41.9861, 5.6954e-13
42.1172, 5.7498e-13
42.2487, 5.8047e-13
42.2486, 5.8601e-13
42.3806, 5.8601e-13
42.3805, 5.9161e-13
42.5128, 5.9726e-13
42.5127, 6.0297e-13
42.6454, 6.0873e-13
42.6453, 6.1454e-13
42.7786, 6.1454e-13
42.7785, 6.2041e-13
42.9121, 6.2634e-13
42.9119, 6.3232e-13
43.0459, 6.3836e-13
43.0458, 6.4446e-13
43.1802, 6.5061e-13
43.3151, 6.5683e-13
43.3149, 6.631e-13
43.4503, 6.631e-13
43.4502, 6.6943e-13
43.5859, 6.7583e-13
43.722, 6.8228e-13
43.7218, 6.888e-13
43.8585, 6.888e-13
43.8584, 6.9538e-13
43.9952, 7.0202e-13
44.1327, 7.0873e-13
44.2705, 7.155e-13
44.4087, 7.2233e-13
44.5474, 7.2923e-13
44.6865, 7.3619e-13
44.826, 7.4323e-13
44.966, 7.5033e-13
45.1064, 7.5749e-13
45.2472, 7.6473e-13
45.3885, 7.7203e-13
45.5302, 7.7941e-13
45.6724, 7.8685e-13
45.815, 7.9437e-13
45.958, 8.0195e-13
46.1015, 8.0961e-13
46.2455, 8.1735e-13
46.3899, 8.2515e-13
46.5347, 8.3304e-13
46.68, 8.4099e-13
46.8258, 8.4902e-13
46.972, 8.5713e-13
47.1188, 8.5713e-13
47.2659, 8.6532e-13
47.4136, 8.6532e-13
47.4135, 8.7359e-13
47.5617, 8.7359e-13
47.7102, 8.8193e-13
47.8593, 8.8193e-13
48.0087, 8.9035e-13
48.1588, 8.9035e-13
48.3091, 8.9886e-13
48.4601, 8.9886e-13
48.6115, 8.9886e-13
48.7633, 9.0744e-13
48.9157, 9.0744e-13
49.0686, 9.0744e-13
49.2219, 9.0744e-13
49.3757, 9.0744e-13
49.5299, 9.1611e-13
49.6846, 9.1611e-13
49.8399, 9.1611e-13
49.9957, 9.1611e-13
50.1519, 9.1611e-13
50.3087, 9.1611e-13
50.4659, 9.1611e-13
50.6237, 9.0744e-13
50.7819, 9.0744e-13
50.9405, 9.0744e-13
51.0998, 9.0744e-13
51.2595, 9.0744e-13
51.4197, 9.0744e-13
51.5804, 9.0744e-13
51.7416, 9.0744e-13
51.9033, 9.0744e-13
52.0655, 9.0744e-13
52.2282, 9.0744e-13
52.3914, 9.0744e-13
52.5551, 9.0744e-13
52.7194, 9.0744e-13
52.8841, 9.0744e-13
53.0493, 9.0744e-13
53.215, 9.1611e-13
53.3813, 9.1611e-13
53.3812, 9.2486e-13
53.548, 9.2486e-13
53.7151, 9.337e-13
53.8831, 9.337e-13
54.0513, 9.4262e-13
54.2202, 9.4262e-13
54.3895, 9.5162e-13
54.5593, 9.6071e-13
54.5592, 9.6988e-13
54.7297, 9.6988e-13
54.7296, 9.7915e-13
54.9005, 9.885e-13
55.0719, 9.9794e-13
55.0717, 1.0075e-12
55.2438, 1.0075e-12
55.2437, 1.0171e-12
55.4162, 1.0268e-12
55.416, 1.0366e-12
55.5891, 1.0465e-12
55.5889, 1.0565e-12
55.7626, 1.0565e-12
55.7625, 1.0666e-12
55.9365, 1.0768e-12
55.9365, 1.0871e-12
56.1111, 1.0975e-12
56.111, 1.1079e-12
56.2862, 1.1185e-12
56.286, 1.1292e-12
56.4618, 1.14e-12
56.4616, 1.1509e-12
56.6381, 1.1509e-12
56.6379, 1.1619e-12
56.8148, 1.173e-12
56.8146, 1.1842e-12
56.992, 1.1955e-12
56.9919, 1.2069e-12
57.1698, 1.2184e-12
57.3484, 1.2301e-12
57.3482, 1.2418e-12
57.5274, 1.2418e-12
57.5272, 1.2537e-12
57.7069, 1.2657e-12
57.8871, 1.2778e-12
57.8869, 1.29e-12
58.0678, 1.29e-12
58.0677, 1.3023e-12
58.249, 1.3147e-12
58.4309, 1.3273e-12
58.6133, 1.34e-12
58.7963, 1.3528e-12
58.9799, 1.3657e-12
59.1641, 1.3787e-12
59.3488, 1.3919e-12
59.5341, 1.4052e-12
59.72, 1.4186e-12
59.9064, 1.4322e-12
60.0936, 1.4458e-12
60.2812, 1.4596e-12
60.4694, 1.4736e-12
60.6582, 1.4877e-12
60.8476, 1.5019e-12
61.0376, 1.5162e-12
61.2284, 1.5162e-12
61.2282, 1.5307e-12
61.4196, 1.5307e-12
61.6113, 1.5453e-12
61.8037, 1.5601e-12
61.9968, 1.5601e-12
61.9967, 1.575e-12
62.1904, 1.575e-12
62.3846, 1.59e-12
62.5796, 1.59e-12
62.7751, 1.59e-12
62.9713, 1.59e-12
63.1681, 1.59e-12
63.3655, 1.59e-12
63.5634, 1.6052e-12
63.762, 1.6052e-12
63.9613, 1.6052e-12
64.1611, 1.6052e-12
64.3616, 1.6052e-12
64.5629, 1.59e-12
64.7649, 1.575e-12
64.9674, 1.5601e-12
65.1706, 1.5453e-12
65.3745, 1.5307e-12
65.5789, 1.5162e-12
65.784, 1.5019e-12
65.7842, 1.4877e-12
65.99, 1.4736e-12
65.9901, 1.4596e-12
66.1965, 1.4458e-12
66.1967, 1.4322e-12
66.4037, 1.4186e-12
66.4039, 1.4052e-12
66.6116, 1.3919e-12
66.6118, 1.3787e-12
66.6118, 1.3657e-12
66.8203, 1.3528e-12
66.8205, 1.34e-12
66.8206, 1.3273e-12
66.8208, 1.3147e-12
67.0298, 1.3023e-12
67.03, 1.29e-12
67.0301, 1.2778e-12
67.2398, 1.2657e-12
67.24, 1.2537e-12
67.2401, 1.2418e-12
67.4504, 1.2301e-12
67.4506, 1.2184e-12
67.6616, 1.2069e-12
67.6618, 1.1955e-12
67.8734, 1.1842e-12
67.8736, 1.173e-12
68.0858, 1.1619e-12
68.086, 1.1509e-12
68.0862, 1.14e-12
68.0864, 1.1292e-12
68.2993, 1.1185e-12
68.2995, 1.1079e-12
68.2997, 1.0975e-12
68.2999, 1.0871e-12
68.3, 1.0768e-12
68.5137, 1.0666e-12
68.5138, 1.0565e-12
68.514, 1.0465e-12
68.5142, 1.0366e-12
68.7285, 1.0268e-12
68.7287, 1.0171e-12
68.9436, 1.0075e-12
68.9438, 9.9794e-13
69.1594, 9.885e-13
69.1596, 9.7915e-13
69.3759, 9.6988e-13
69.3761, 9.6071e-13
69.5931, 9.5162e-13
69.8106, 9.5162e-13
69.8107, 9.4262e-13
70.0289, 9.4262e-13
70.2479, 9.337e-13
70.4676, 9.2486e-13
70.6879, 9.2486e-13
70.688, 9.1611e-13
70.9089, 9.1611e-13
71.1307, 9.0744e-13
71.353, 9.0744e-13
71.5758, 9.1611e-13
71.7993, 9.2486e-13
72.0235, 9.337e-13
72.2484, 9.4262e-13
72.474, 9.5162e-13
72.7003, 9.6071e-13
72.9273, 9.6988e-13
72.9271, 9.7915e-13
73.1548, 9.885e-13
73.1546, 9.9794e-13
73.383, 1.0075e-12
73.3828, 1.0171e-12
73.612, 1.0268e-12
73.6118, 1.0366e-12
73.8416, 1.0465e-12
73.8414, 1.0565e-12
73.8412, 1.0666e-12
74.0718, 1.0768e-12
74.0716, 1.0871e-12
74.0714, 1.0975e-12
74.0712, 1.1079e-12
74.3025, 1.1185e-12
74.3023, 1.1292e-12
74.3021, 1.14e-12
74.5341, 1.1509e-12
74.5339, 1.1619e-12
74.5337, 1.173e-12
74.7665, 1.1842e-12
74.7663, 1.1955e-12
74.9997, 1.2069e-12
74.9995, 1.2184e-12
75.2337, 1.2301e-12
75.2335, 1.2418e-12
75.4684, 1.2537e-12
75.4682, 1.2657e-12
75.468, 1.2778e-12
75.4678, 1.29e-12
75.7035, 1.3023e-12
75.7033, 1.3147e-12
75.7031, 1.3273e-12
75.7029, 1.34e-12
75.7027, 1.3528e-12
75.9391, 1.3657e-12
75.9388, 1.3787e-12
75.9386, 1.3919e-12
75.9385, 1.4052e-12
76.1756, 1.4186e-12
76.1754, 1.4322e-12
76.4132, 1.4458e-12
76.413, 1.4596e-12
76.6516, 1.4736e-12
76.6514, 1.4877e-12
76.8908, 1.5019e-12
76.8906, 1.5162e-12
77.1307, 1.5307e-12
77.1305, 1.5453e-12
77.3715, 1.5453e-12
77.3713, 1.5601e-12
77.6129, 1.575e-12
77.8552, 1.59e-12
77.855, 1.6052e-12
78.0983, 1.6052e-12
78.0981, 1.6205e-12
78.342, 1.636e-12
78.5866, 1.6516e-12
78.8319, 1.6674e-12
79.0781, 1.6834e-12
79.325, 1.6994e-12
79.5727, 1.7157e-12
79.8212, 1.7321e-12
80.0704, 1.7486e-12
80.3206, 1.7486e-12
80.5714, 1.7653e-12
80.8232, 1.7653e-12
81.0756, 1.7822e-12
81.329, 1.7822e-12
81.5829, 1.7992e-12
81.8378, 1.7992e-12
82.0934, 1.8164e-12
82.3498, 1.8164e-12
82.6073, 1.8164e-12
82.8654, 1.8164e-12
83.1244, 1.8164e-12
83.3841, 1.8164e-12
83.6447, 1.8164e-12
83.9059, 1.8337e-12
84.1681, 1.8337e-12
84.4312, 1.8337e-12
84.6949, 1.8337e-12
84.9597, 1.8337e-12
85.2252, 1.8337e-12
85.4915, 1.8337e-12
85.7587, 1.8337e-12
86.0267, 1.8337e-12
86.2955, 1.8337e-12
86.565, 1.8512e-12
86.8355, 1.8512e-12
87.1069, 1.8512e-12
87.3791, 1.8512e-12
87.6521, 1.8512e-12
87.9263, 1.8337e-12
88.201, 1.8337e-12
88.2013, 1.8164e-12
88.4769, 1.8164e-12
88.7536, 1.7992e-12
89.0312, 1.7822e-12
89.3094, 1.7822e-12
89.3096, 1.7653e-12
89.5888, 1.7653e-12
89.869, 1.7486e-12
90.1498, 1.7486e-12
90.4318, 1.7321e-12
90.7144, 1.7321e-12
90.9979, 1.7321e-12
91.2822, 1.7321e-12
91.5676, 1.7157e-12
91.8538, 1.7157e-12
92.1409, 1.7157e-12
92.4291, 1.6994e-12
92.718, 1.6994e-12
93.0077, 1.6994e-12
93.2984, 1.6994e-12
93.5897, 1.7157e-12
93.8822, 1.7157e-12
94.1756, 1.7157e-12
94.4699, 1.7157e-12
94.7651, 1.7157e-12
95.061, 1.7321e-12
95.358, 1.7321e-12
95.656, 1.7321e-12
95.9546, 1.7486e-12
95.9545, 1.7653e-12
96.2543, 1.7653e-12
96.2541, 1.7822e-12
96.5546, 1.7992e-12
96.8561, 1.8164e-12
96.8559, 1.8337e-12
97.1586, 1.8337e-12
97.1583, 1.8512e-12
97.4617, 1.8689e-12
97.766, 1.8868e-12
97.7657, 1.9048e-12
98.0713, 1.9048e-12
98.071, 1.923e-12
98.3772, 1.9413e-12
98.6844, 1.9599e-12
98.6841, 1.9786e-12
98.9925, 1.9786e-12
98.9923, 1.9975e-12
99.3014, 2.0166e-12
99.3011, 2.0358e-12
99.6112, 2.0553e-12
99.6109, 2.0749e-12
99.9222, 2.0749e-12
99.9219, 2.0947e-12
100.2339, 2.1148e-12
100.2337, 2.135e-12
100.5467, 2.1553e-12
100.5464, 2.1759e-12
100.8603, 2.1967e-12
101.1753, 2.2177e-12
101.4912, 2.2389e-12
101.8081, 2.2603e-12
102.126, 2.2819e-12
102.4449, 2.3037e-12
102.7647, 2.3257e-12
103.0856, 2.3479e-12
103.4078, 2.3479e-12
103.7309, 2.3479e-12
104.0551, 2.3479e-12
104.3803, 2.3479e-12
104.7062, 2.3703e-12
105.0334, 2.3703e-12
105.3616, 2.3703e-12
105.6909, 2.3703e-12
106.0212, 2.3703e-12
106.3525, 2.3703e-12
106.6851, 2.3479e-12
107.0185, 2.3479e-12
107.3532, 2.3257e-12
107.6886, 2.3257e-12
108.0255, 2.3037e-12
108.3631, 2.3037e-12
108.702, 2.2819e-12
109.0417, 2.2819e-12
109.3828, 2.2603e-12
109.7246, 2.2603e-12
110.0678, 2.2389e-12
110.412, 2.2177e-12
110.757, 2.2177e-12
111.1035, 2.1967e-12
111.4506, 2.1967e-12
111.7993, 2.1759e-12
112.1487, 2.1759e-12
112.149, 2.1553e-12
112.4994, 2.1553e-12
112.851, 2.1553e-12
113.2037, 2.1553e-12
113.5574, 2.1553e-12
113.9123, 2.1553e-12
114.2683, 2.1553e-12
114.6257, 2.135e-12
114.9839, 2.135e-12
115.3432, 2.135e-12
115.7037, 2.135e-12
116.0652, 2.135e-12
116.4279, 2.135e-12
116.7915, 2.1553e-12
117.1565, 2.1553e-12
117.5226, 2.1553e-12
117.8898, 2.1553e-12
118.258, 2.1759e-12
118.6275, 2.1759e-12
118.9982, 2.1759e-12
119.3698, 2.1967e-12
119.7428, 2.1967e-12
120.1167, 2.2177e-12
120.4921, 2.2177e-12
120.8683, 2.2389e-12
121.2457, 2.2603e-12
121.6246, 2.2603e-12
122.0044, 2.2819e-12
122.3857, 2.2819e-12
122.7678, 2.3037e-12
123.1515, 2.3037e-12
123.1511, 2.3257e-12
123.536, 2.3257e-12
