#DataThief /ssd/majorana/analysis/lowe/xmass_vector_2018.png Monday 25-Jun-2018 1:09:11 PM
40.4322, 2.2861e-27
40.6539, 2.2862e-27
40.8767, 2.2864e-27
41.1008, 2.2865e-27
41.3261, 2.2867e-27
41.5526, 2.2868e-27
41.7803, 2.204e-27
42.0093, 2.2042e-27
42.2396, 2.2043e-27
42.4711, 2.2045e-27
42.7039, 2.2046e-27
42.938, 2.2048e-27
43.1734, 2.2049e-27
43.4102, 2.2881e-27
43.6482, 2.2882e-27
43.8876, 2.3745e-27
44.1283, 2.464e-27
44.3702, 2.4642e-27
44.6136, 2.5571e-27
44.858, 2.5572e-27
45.1042, 2.6536e-27
45.3516, 2.7537e-27
45.6004, 2.8575e-27
45.8505, 2.9652e-27
46.102, 3.077e-27
46.3549, 3.193e-27
46.3551, 3.3132e-27
46.6093, 3.4381e-27
46.865, 3.5677e-27
47.1221, 3.7022e-27
47.3806, 3.8418e-27
47.6404, 3.9866e-27
47.9018, 4.1369e-27
48.1644, 4.1372e-27
48.4285, 4.2932e-27
48.6942, 4.455e-27
48.9611, 4.4553e-27
49.2297, 4.6233e-27
49.4997, 4.7976e-27
49.7711, 4.7979e-27
50.0439, 4.7983e-27
50.3182, 4.7986e-27
50.5941, 4.9795e-27
50.8716, 4.9798e-27
51.1504, 4.9802e-27
51.4308, 4.9805e-27
51.7128, 4.9808e-27
51.9962, 4.9812e-27
52.2812, 4.9815e-27
52.568, 5.1693e-27
52.8561, 5.1697e-27
53.1459, 5.17e-27
53.4373, 5.1704e-27
53.7302, 5.1707e-27
54.0247, 5.1711e-27
54.3207, 4.9839e-27
54.6183, 4.9842e-27
54.9178, 4.9845e-27
55.2189, 4.9849e-27
55.5213, 4.8044e-27
55.8256, 4.8047e-27
56.1315, 4.6308e-27
56.439, 4.4632e-27
56.7482, 4.3016e-27
57.059, 4.1459e-27
57.3718, 4.1461e-27
57.6861, 3.996e-27
58.0021, 3.8514e-27
58.3197, 3.712e-27
58.6393, 3.5776e-27
58.9605, 3.4481e-27
59.2835, 3.3232e-27
59.6082, 3.2029e-27
59.9348, 3.087e-27
60.2633, 3.0872e-27
60.5937, 3.0874e-27
60.9258, 3.0876e-27
61.26, 3.204e-27
61.5958, 3.2042e-27
61.9337, 3.325e-27
62.2734, 3.4504e-27
62.6148, 3.4506e-27
62.958, 3.4509e-27
62.9578, 3.3257e-27
63.3029, 3.3259e-27
63.3031, 3.4511e-27
63.3034, 3.581e-27
63.3035, 3.7157e-27
63.6508, 3.8558e-27
63.6511, 4.0009e-27
63.6513, 4.1515e-27
63.6515, 4.3077e-27
63.6518, 4.4698e-27
64.0009, 4.6383e-27
64.0011, 4.8128e-27
64.0014, 4.9939e-27
64.3524, 5.1822e-27
64.3527, 5.3772e-27
64.7057, 5.58e-27
64.7059, 5.7899e-27
65.0608, 6.0082e-27
65.4177, 6.2347e-27
65.418, 6.4693e-27
65.7768, 6.7132e-27
66.1376, 6.9663e-27
66.5004, 7.229e-27
66.8652, 7.5015e-27
67.2319, 7.7843e-27
67.6007, 8.0778e-27
67.9715, 8.3823e-27
68.3441, 8.3829e-27
68.7187, 8.3835e-27
69.0955, 8.384e-27
69.4742, 8.3846e-27
69.8551, 8.3852e-27
70.238, 8.3857e-27
70.6227, 8.0822e-27
71.0099, 8.0827e-27
71.0101, 8.3869e-27
71.3994, 8.3874e-27
71.3991, 8.0832e-27
71.3989, 7.7901e-27
71.3986, 7.5076e-27
71.7896, 7.2358e-27
71.7894, 6.9734e-27
71.7892, 6.7205e-27
72.1825, 6.4772e-27
72.5781, 6.4776e-27
72.5779, 6.2427e-27
72.9757, 6.2431e-27
73.3755, 6.0171e-27
73.7776, 6.0175e-27
74.1818, 5.7997e-27
74.5885, 5.8001e-27
74.9973, 5.8005e-27
74.9971, 5.5901e-27
75.4082, 5.5905e-27
75.4079, 5.3878e-27
74.9968, 5.3874e-27
74.5882, 5.5897e-27
74.1816, 5.5894e-27
73.7771, 5.589e-27
73.3752, 5.7989e-27
72.9752, 5.7985e-27
73.3752, 5.7989e-27
73.7774, 5.7993e-27
74.1816, 5.5894e-27
74.5882, 5.5897e-27
74.9968, 5.3874e-27
75.4076, 5.1924e-27
75.821, 5.1927e-27
75.8213, 5.3881e-27
75.8215, 5.5909e-27
75.8218, 5.8013e-27
76.2377, 6.02e-27
76.238, 6.2465e-27
76.2383, 6.4816e-27
76.2386, 6.7255e-27
76.2388, 6.9786e-27
76.2391, 7.2412e-27
76.6573, 7.5142e-27
76.6576, 7.7969e-27
77.0778, 7.7975e-27
77.0781, 8.0909e-27
77.0784, 8.3953e-27
77.5011, 8.7118e-27
77.5013, 9.0397e-27
77.9266, 9.3805e-27
77.9268, 9.7335e-27
78.3543, 1.01e-26
78.3546, 1.0481e-26
78.7844, 1.0876e-26
78.7847, 1.1285e-26
79.2168, 1.171e-26
79.2171, 1.2151e-26
79.6517, 1.2609e-26
80.0886, 1.3084e-26
80.0889, 1.3577e-26
80.5282, 1.4089e-26
80.5285, 1.4619e-26
80.9702, 1.517e-26
81.4143, 1.5742e-26
81.4146, 1.6334e-26
81.8612, 1.695e-26
82.3103, 1.7589e-26
82.3106, 1.8251e-26
82.7621, 1.8939e-26
83.216, 1.9653e-26
83.6724, 2.0394e-26
84.1315, 2.1163e-26
84.593, 2.1961e-26
85.057, 2.2789e-26
85.5232, 2.279e-26
85.9924, 2.365e-26
86.4637, 2.3651e-26
86.9377, 2.3653e-26
87.4143, 2.3654e-26
87.8934, 2.3656e-26
88.3752, 2.3657e-26
88.8593, 2.2801e-26
89.3461, 2.1976e-26
89.8356, 2.118e-26
90.3277, 2.0413e-26
90.8225, 1.9674e-26
91.32, 1.8962e-26
91.8202, 1.8276e-26
92.3232, 1.7614e-26
92.829, 1.6976e-26
93.3378, 1.6978e-26
93.3375, 1.6362e-26
93.8491, 1.6363e-26
94.3632, 1.5771e-26
94.8805, 1.5772e-26
95.4003, 1.5201e-26
95.9232, 1.5202e-26
96.4487, 1.4651e-26
96.9774, 1.4652e-26
97.509, 1.4653e-26
98.0435, 1.4654e-26
98.5809, 1.4655e-26
99.1213, 1.4656e-26
99.6646, 1.4657e-26
100.211, 1.4658e-26
100.7599, 1.4128e-26
101.3123, 1.4129e-26
101.8676, 1.413e-26
102.426, 1.4131e-26
102.9879, 1.4663e-26
103.5528, 1.5216e-26
104.1204, 1.5217e-26
104.6915, 1.5791e-26
105.2658, 1.6386e-26
105.2662, 1.7003e-26
105.8436, 1.7644e-26
105.8439, 1.8308e-26
105.8444, 1.8997e-26
105.8448, 1.9712e-26
106.4254, 2.0455e-26
106.4258, 2.1224e-26
106.4261, 2.2023e-26
106.4264, 2.2852e-26
106.4269, 2.3712e-26
106.4273, 2.4604e-26
107.0111, 2.5532e-26
107.0115, 2.6492e-26
107.5985, 2.7491e-26
107.5989, 2.8526e-26
107.5993, 2.9599e-26
108.1895, 3.0715e-26
108.1899, 3.1871e-26
108.7833, 3.3072e-26
108.7837, 3.4317e-26
108.7841, 3.5608e-26
109.3808, 3.6951e-26
109.3812, 3.8341e-26
109.3816, 3.9784e-26
109.9816, 4.1284e-26
109.982, 4.2838e-26
110.5849, 4.284e-26
111.1915, 4.4456e-26
111.1919, 4.6128e-26
111.8018, 4.7867e-26
112.4151, 4.9672e-26
113.0317, 5.1545e-26
113.6513, 5.1548e-26
114.2743, 5.1552e-26
114.9007, 5.1555e-26
115.5306, 5.1559e-26
116.1639, 5.1562e-26
116.8007, 5.1566e-26
117.4409, 5.1569e-26
118.0847, 5.1573e-26
118.732, 5.1576e-26
