#DataThief /ssd/majorana/analysis/lowe/xmass_pseudoscalar_2018.png Monday 25-Jun-2018 1:16:36 PM
40.3854, 2.1711e-13
40.6069, 2.1711e-13
40.8296, 2.1711e-13
41.0537, 2.1711e-13
41.2788, 2.1314e-13
41.5051, 2.0924e-13
41.7328, 2.0924e-13
41.7327, 2.0541e-13
41.9617, 2.0541e-13
42.1918, 2.0166e-13
42.4233, 2.0166e-13
42.6559, 1.9797e-13
42.8899, 1.9797e-13
43.1254, 2.0166e-13
43.362, 2.0166e-13
43.5998, 2.0166e-13
43.8393, 2.0541e-13
44.0798, 2.0541e-13
44.3216, 2.0541e-13
44.565, 2.0924e-13
44.8096, 2.0924e-13
45.0556, 2.1314e-13
45.3028, 2.1314e-13
45.5514, 2.1711e-13
45.8014, 2.1711e-13
45.8016, 2.2115e-13
46.0529, 2.2115e-13
46.3057, 2.2527e-13
46.5598, 2.2527e-13
46.8154, 2.2947e-13
47.0725, 2.3374e-13
47.3309, 2.381e-13
47.5906, 2.381e-13
47.8519, 2.4253e-13
48.1144, 2.4253e-13
48.3786, 2.4705e-13
48.3788, 2.5165e-13
48.6442, 2.5165e-13
48.9111, 2.5165e-13
49.1795, 2.5165e-13
49.4493, 2.5165e-13
49.7206, 2.5165e-13
49.9933, 2.5165e-13
50.2677, 2.5165e-13
50.5434, 2.5165e-13
50.8206, 2.4705e-13
51.0995, 2.4705e-13
51.3798, 2.4705e-13
51.6617, 2.4705e-13
51.9452, 2.4705e-13
52.2302, 2.4705e-13
52.5168, 2.4705e-13
52.8049, 2.4705e-13
53.0946, 2.4705e-13
53.3857, 2.4253e-13
53.6785, 2.4253e-13
53.9729, 2.381e-13
54.2689, 2.3374e-13
54.5667, 2.3374e-13
54.8658, 2.2947e-13
55.1669, 2.2947e-13
55.4696, 2.2947e-13
55.7737, 2.2527e-13
56.0795, 2.2115e-13
56.0793, 2.1711e-13
56.387, 2.1711e-13
56.3868, 2.1314e-13
56.6959, 2.0924e-13
57.0068, 2.0541e-13
57.0066, 2.0166e-13
57.3194, 2.0166e-13
57.3192, 1.9797e-13
57.6334, 1.9435e-13
57.9494, 1.9079e-13
57.9492, 1.873e-13
58.2671, 1.873e-13
58.5867, 1.8388e-13
58.5864, 1.8051e-13
58.9077, 1.7721e-13
58.9075, 1.7397e-13
59.2307, 1.7397e-13
59.5554, 1.7079e-13
59.5552, 1.6767e-13
59.8817, 1.646e-13
60.2103, 1.646e-13
60.5409, 1.6767e-13
60.873, 1.6767e-13
61.2072, 1.7079e-13
61.5433, 1.7397e-13
61.881, 1.7397e-13
62.2207, 1.7721e-13
62.5621, 1.7721e-13
62.9056, 1.8051e-13
62.9058, 1.8388e-13
63.2509, 1.8388e-13
63.2511, 1.873e-13
63.5985, 1.9079e-13
63.5987, 1.9435e-13
63.9479, 1.9797e-13
64.299, 2.0166e-13
64.652, 2.0541e-13
64.6522, 2.0924e-13
65.0072, 2.1314e-13
65.0074, 2.1711e-13
65.3641, 2.1711e-13
65.7229, 2.2115e-13
65.7231, 2.2527e-13
66.084, 2.2947e-13
66.0843, 2.3374e-13
66.4471, 2.381e-13
66.8117, 2.381e-13
66.8119, 2.4253e-13
67.1785, 2.4253e-13
67.5471, 2.4253e-13
67.9177, 2.4253e-13
68.2901, 2.381e-13
68.6648, 2.381e-13
69.0415, 2.381e-13
69.4203, 2.381e-13
69.8012, 2.381e-13
70.1842, 2.381e-13
70.1839, 2.3374e-13
70.5687, 2.2947e-13
70.5685, 2.2527e-13
70.5682, 2.2115e-13
70.955, 2.1711e-13
70.9548, 2.1314e-13
71.3442, 2.1314e-13
71.3439, 2.0924e-13
71.3437, 2.0541e-13
71.7348, 2.0166e-13
71.7346, 1.9797e-13
72.1282, 1.9797e-13
72.5236, 1.9435e-13
72.9215, 1.9435e-13
73.3214, 1.9079e-13
73.7237, 1.9079e-13
74.1282, 1.9079e-13
74.1279, 1.873e-13
74.5346, 1.873e-13
74.9438, 1.9079e-13
74.9441, 1.9435e-13
75.3553, 1.9435e-13
75.3556, 1.9797e-13
75.7692, 2.0166e-13
76.1853, 2.0541e-13
76.1856, 2.0924e-13
76.6036, 2.0924e-13
76.6038, 2.1314e-13
77.0244, 2.1711e-13
77.4473, 2.2115e-13
77.4476, 2.2527e-13
77.8725, 2.2527e-13
77.8728, 2.2947e-13
78.3004, 2.3374e-13
78.7303, 2.381e-13
78.7305, 2.4253e-13
79.1625, 2.4253e-13
79.1628, 2.4705e-13
79.5974, 2.5165e-13
79.5977, 2.5634e-13
80.0347, 2.6112e-13
80.4739, 2.6112e-13
80.4742, 2.6598e-13
80.916, 2.7094e-13
80.9163, 2.7598e-13
81.3605, 2.8112e-13
81.8069, 2.8112e-13
81.8072, 2.8636e-13
82.2564, 2.917e-13
82.2567, 2.9713e-13
82.7083, 3.0266e-13
83.1623, 3.083e-13
83.6187, 3.083e-13
84.0778, 3.1405e-13
84.5391, 3.1405e-13
85.0029, 3.1405e-13
85.4696, 3.199e-13
85.9386, 3.199e-13
86.4101, 3.199e-13
86.4104, 3.2586e-13
86.8845, 3.2586e-13
87.3609, 3.199e-13
87.3606, 3.1405e-13
87.8399, 3.1405e-13
88.3215, 3.083e-13
88.3212, 3.0266e-13
88.8054, 2.9713e-13
89.2924, 2.917e-13
89.7819, 2.8636e-13
89.7816, 2.8112e-13
90.2742, 2.8112e-13
90.7692, 2.7598e-13
90.7689, 2.7094e-13
91.2665, 2.6598e-13
91.767, 2.6112e-13
92.2701, 2.5634e-13
92.2698, 2.5165e-13
92.7757, 2.4705e-13
93.2847, 2.4705e-13
93.2844, 2.4253e-13
93.7959, 2.381e-13
94.3105, 2.381e-13
94.8276, 2.3374e-13
95.3479, 2.3374e-13
95.8707, 2.2947e-13
96.3967, 2.2947e-13
96.3963, 2.2527e-13
96.9252, 2.2527e-13
97.457, 2.2527e-13
97.9914, 2.2115e-13
98.529, 2.2115e-13
99.0692, 2.1711e-13
99.6128, 2.1711e-13
100.1593, 2.1711e-13
100.7085, 2.1314e-13
101.261, 2.1314e-13
101.2607, 2.0924e-13
101.8163, 2.0924e-13
101.8166, 2.1314e-13
102.3756, 2.1711e-13
102.376, 2.2115e-13
102.9381, 2.2527e-13
103.5032, 2.2947e-13
103.5036, 2.3374e-13
104.0719, 2.381e-13
104.0723, 2.4253e-13
104.6437, 2.4705e-13
104.6441, 2.5165e-13
105.2186, 2.5634e-13
105.7963, 2.6112e-13
105.7967, 2.6598e-13
106.3775, 2.7094e-13
106.3779, 2.7598e-13
106.962, 2.8112e-13
106.9624, 2.8636e-13
107.5495, 2.917e-13
108.1401, 2.9713e-13
108.1405, 3.0266e-13
108.7342, 3.083e-13
108.7346, 3.1405e-13
109.3316, 3.199e-13
109.332, 3.2586e-13
109.9323, 3.3193e-13
109.9327, 3.3811e-13
110.5362, 3.4441e-13
110.5366, 3.5082e-13
111.1435, 3.5736e-13
111.7532, 3.5736e-13
112.366, 3.5082e-13
112.9826, 3.5082e-13
113.6025, 3.5082e-13
114.2254, 3.4441e-13
114.8525, 3.5082e-13
115.4827, 3.5082e-13
115.483, 3.5736e-13
116.1167, 3.5736e-13
116.7542, 3.6402e-13
117.3944, 3.5736e-13
118.038, 3.5082e-13
118.6852, 3.4441e-13
