0.020 8.2987551867e-03
0.040 8.2987551867e-03
0.060 8.2987551867e-03
0.080 8.2987551867e-03
0.100 8.2987551867e-03
0.120 8.2987551867e-03
0.140 8.2987551867e-03
0.160 8.2987551867e-03
0.180 8.2987551867e-03
0.200 1.1995790730e+05
0.220 9.4247579115e+04
0.240 7.5619364666e+04
0.260 6.1752614213e+04
0.280 5.1191840224e+04
0.300 4.2990086385e+04
0.320 3.6511680522e+04
0.340 3.1318231361e+04
0.360 2.7100197831e+04
0.380 2.3634440725e+04
0.400 2.0757120965e+04
0.420 1.8345948866e+04
0.440 1.6308290502e+04
0.460 1.4573034297e+04
0.480 1.3084925662e+04
0.500 1.1800554360e+04
0.520 1.0685468861e+04
0.540 9.7120721093e+03
0.560 8.8580673325e+03
0.580 8.1052965258e+03
0.600 7.4388628766e+03
0.620 6.8464609895e+03
0.640 6.3178608753e+03
0.660 5.8445069045e+03
0.680 5.4192035472e+03
0.700 5.0358672214e+03
0.720 4.6893289255e+03
0.740 4.3751761951e+03
0.760 4.0896257370e+03
0.780 3.8294201669e+03
0.800 3.5917438079e+03
0.820 3.3741536630e+03
0.840 3.1745225337e+03
0.860 2.9909919211e+03
0.880 2.8219328455e+03
0.900 2.6659131095e+03
0.920 2.5216698301e+03
0.940 2.3880862992e+03
0.960 2.2641724160e+03
0.980 2.1490480785e+03
1.000 2.0419290384e+03
1.020 1.9421148123e+03
1.040 1.8489783184e+03
1.060 1.7619569627e+03
1.080 1.6805449522e+03
1.100 1.6042866445e+03
1.120 1.5327707800e+03
1.140 1.4656254654e+03
1.160 1.4025138003e+03
1.180 1.3431300543e+03
1.200 1.2871963178e+03
1.220 7.0539366656e+03
1.240 6.7507827482e+03
1.260 9.1158338623e+03
1.280 8.7359621720e+03
1.300 8.3773626183e+03
1.320 8.0385470656e+03
1.340 7.7181516962e+03
1.360 7.4149249826e+03
1.380 7.1277169780e+03
1.400 6.8554697640e+03
1.420 7.6527623430e+03
1.440 7.3683616066e+03
1.460 7.0981804321e+03
1.480 6.8413294597e+03
1.500 6.5969858466e+03
1.520 6.3643874968e+03
1.540 6.1428278596e+03
1.560 5.9316512329e+03
1.580 5.7302485171e+03
1.600 5.5380533716e+03
1.620 5.3545387312e+03
1.640 5.1792136442e+03
1.660 5.0116204002e+03
1.680 4.8513319163e+03
1.700 4.6979493581e+03
1.720 4.5510999691e+03
1.740 4.4104350906e+03
1.760 4.2756283519e+03
1.780 4.1463740153e+03
1.800 4.0223854602e+03
1.820 3.9033937944e+03
1.840 3.7891465796e+03
1.860 3.6794066613e+03
1.880 3.5739510931e+03
1.900 3.4725701471e+03
1.920 3.3750664031e+03
1.940 3.2812539084e+03
1.960 3.1909574036e+03
1.980 3.1040116072e+03
2.000 3.0202605550e+03
2.020 2.9395569893e+03
2.040 2.8617617936e+03
2.060 2.7867434688e+03
2.080 2.7143776479e+03
2.100 2.6445466462e+03
2.120 2.5771390435e+03
2.140 2.5120492956e+03
2.160 2.4491773744e+03
2.180 2.3884284317e+03
2.200 2.3297124872e+03
2.220 2.2729441381e+03
2.240 2.2180422873e+03
2.260 2.1649298912e+03
2.280 2.1135337237e+03
2.300 2.0637841558e+03
2.320 2.0156149500e+03
2.340 1.9689630680e+03
2.360 1.9237684904e+03
2.380 1.8799740489e+03
2.400 1.8375252680e+03
2.420 1.7963702175e+03
2.440 1.7564593741e+03
2.460 1.7177454912e+03
2.480 1.6801834771e+03
2.500 1.6437302806e+03
2.520 1.6083447831e+03
2.540 1.5739876978e+03
2.560 1.5406214746e+03
2.580 1.5082102104e+03
2.600 1.4767195651e+03
2.620 1.4461166826e+03
2.640 1.4163701152e+03
2.660 1.3874497543e+03
2.680 1.3593267630e+03
2.700 1.3319735142e+03
2.720 1.3053635310e+03
2.740 1.2794714311e+03
2.760 1.2542728738e+03
2.780 1.2297445105e+03
2.800 1.2058639375e+03
2.820 1.1826096509e+03
2.840 1.1599610054e+03
2.860 1.1378981733e+03
2.880 1.1164021075e+03
2.900 1.0954545055e+03
2.920 1.0750377751e+03
2.940 1.0551350026e+03
2.960 1.0357299224e+03
2.980 1.0168068876e+03
3.000 9.9835084283e+02
3.020 9.8034729813e+02
3.040 9.6278230419e+02
3.060 9.4564242879e+02
3.080 9.2891473445e+02
3.100 9.1258675716e+02
3.120 8.9664648621e+02
3.140 8.8108234490e+02
3.160 8.6588317228e+02
3.180 8.5103820572e+02
3.200 8.3653706432e+02
3.220 8.2236973313e+02
3.240 8.0852654807e+02
3.260 7.9499818161e+02
3.280 7.8177562908e+02
3.300 7.6885019565e+02
3.320 7.5621348386e+02
3.340 7.4385738176e+02
3.360 7.3177405160e+02
3.380 7.1995591900e+02
3.400 7.0839566262e+02
3.420 6.9708620428e+02
3.440 6.8602069957e+02
3.460 6.7519252882e+02
3.480 6.6459528845e+02
3.500 6.5422278283e+02
3.520 6.4406901628e+02
3.540 6.3412818563e+02
3.560 6.2439467297e+02
3.580 6.1486303874e+02
3.600 6.0552801512e+02
3.620 5.9638449973e+02
3.640 5.8742754951e+02
3.660 5.7865237497e+02
3.680 5.7005433458e+02
3.700 5.6162892945e+02
3.720 5.5337179822e+02
3.740 5.4527871212e+02
3.760 5.3734557029e+02
3.780 5.2956839528e+02
3.800 5.2194332865e+02
3.820 5.1446662689e+02
3.840 5.0713465735e+02
3.860 4.9994389446e+02
3.880 4.9289091603e+02
3.900 4.8597239969e+02
3.920 4.7918511951e+02
3.940 4.7252594273e+02
3.960 4.6599182661e+02
3.980 4.5957981541e+02
4.000 4.5328703748e+02
4.020 4.4711070249e+02
4.040 4.4104809871e+02
4.060 4.3509659045e+02
4.080 4.2925361553e+02
4.100 4.2351668294e+02
4.120 4.1788337049e+02
4.140 4.1235132261e+02
4.160 4.0691824820e+02
4.180 4.0158191855e+02
4.200 3.9634016541e+02
4.220 3.9119087901e+02
4.240 3.8613200628e+02
4.260 3.8116154901e+02
4.280 3.7627756218e+02
4.300 3.7147815229e+02
4.320 3.6676147575e+02
4.340 3.6212573739e+02
4.360 3.5756918893e+02
4.380 3.5309012755e+02
4.400 3.4868689454e+02
4.420 3.4435787396e+02
4.440 3.4010149130e+02
4.460 3.3591621232e+02
4.480 3.3180054177e+02
4.500 3.2775302230e+02
4.520 3.2377223328e+02
4.540 3.1985678976e+02
4.560 3.1600534139e+02
4.580 3.1221657143e+02
4.600 3.0848919580e+02
4.620 3.0482196205e+02
4.640 3.0121364855e+02
4.660 2.9766306353e+02
4.680 2.9416904426e+02
4.700 2.9073045621e+02
4.720 2.8734619228e+02
4.740 2.8401517196e+02
4.760 2.8073634068e+02
4.780 2.7750866897e+02
4.800 2.7433115187e+02
4.820 2.7120280817e+02
4.840 2.6812267979e+02
4.860 2.6508983113e+02
4.880 2.6210334846e+02
4.900 2.5916233934e+02
4.920 2.5626593199e+02
4.940 2.5341327478e+02
4.960 2.5060353566e+02
4.980 2.4783590166e+02
5.000 2.4510957834e+02
5.020 2.4242378931e+02
5.040 2.3977777579e+02
5.060 2.3717079609e+02
5.080 2.3460212517e+02
5.100 2.3207105424e+02
5.120 2.2957689029e+02
5.140 2.2711895570e+02
5.160 2.2469658783e+02
5.180 2.2230913867e+02
5.200 2.1995597441e+02
5.220 2.1763647509e+02
5.240 2.1535003429e+02
5.260 2.1309605871e+02
5.280 2.1087396791e+02
5.300 2.0868319394e+02
5.320 2.0652318104e+02
5.340 2.0439338532e+02
5.360 2.0229327451e+02
5.380 2.0022232760e+02
5.400 1.9818003461e+02
5.420 1.9616589631e+02
5.440 1.9417942395e+02
5.460 1.9222013899e+02
5.480 1.9028757288e+02
5.500 1.8838126678e+02
5.520 1.8650077137e+02
5.540 1.8464564656e+02
5.560 1.8281546133e+02
5.580 1.8100979347e+02
5.600 1.7922822939e+02
5.620 1.7747036389e+02
5.640 1.7573580000e+02
5.660 1.7402414875e+02
5.680 1.7233502898e+02
5.700 1.7066806721e+02
5.720 1.6902289737e+02
5.740 1.6739916073e+02
5.760 1.6579650562e+02
5.780 1.6421458737e+02
5.800 1.6265306807e+02
5.820 1.6111161647e+02
5.840 1.5958990777e+02
5.860 1.5808762354e+02
5.880 1.5660445152e+02
5.900 1.5514008549e+02
5.920 1.5369422516e+02
5.940 1.5226657601e+02
5.960 1.5085684917e+02
5.980 1.4946476130e+02
6.000 1.4809003444e+02
6.020 1.4673239591e+02
6.040 1.4539157822e+02
6.060 1.4406731890e+02
6.080 1.4275936041e+02
6.100 1.4146745005e+02
6.120 1.4019133985e+02
6.140 1.3893078643e+02
6.160 1.3768555096e+02
6.180 1.3645539901e+02
6.200 1.3524010046e+02
6.220 1.3403942946e+02
6.240 1.3285316427e+02
6.260 1.3168108720e+02
6.280 1.3052298454e+02
6.300 1.2937864645e+02
6.320 1.2824786688e+02
6.340 1.2713044352e+02
6.360 1.2602617768e+02
6.380 1.2493487422e+02
6.400 1.2385634153e+02
6.420 1.2279039138e+02
6.440 1.2173683888e+02
6.460 1.2069550244e+02
6.480 1.1966620365e+02
6.500 1.1864876727e+02
6.520 1.1764302110e+02
6.540 1.1664879597e+02
6.560 1.1566592567e+02
6.580 1.1469424687e+02
6.600 1.1373359906e+02
6.620 1.1278382453e+02
6.640 1.1184476826e+02
6.660 1.1091627792e+02
6.680 1.0999820377e+02
6.700 1.0909039864e+02
6.720 1.0819271786e+02
6.740 1.0730501922e+02
6.760 1.0642716290e+02
6.780 1.0555901148e+02
6.800 1.0470042980e+02
6.820 1.0385128502e+02
6.840 1.0301144650e+02
6.860 1.0218078576e+02
6.880 1.0135917650e+02
6.900 1.0054649447e+02
6.920 9.9742617519e+01
6.940 9.8947425479e+01
6.960 9.8160800173e+01
6.980 9.7382625357e+01
7.000 9.6612786692e+01
7.020 9.5851171701e+01
7.040 9.5097669739e+01
7.060 9.4352171951e+01
7.080 9.3614571247e+01
7.100 9.2884762263e+01
7.120 9.2162641326e+01
7.140 9.1448106431e+01
7.160 9.0741057201e+01
7.180 9.0041394860e+01
7.200 8.9349022206e+01
7.220 8.8663843574e+01
7.240 8.7985764817e+01
7.260 8.7314693271e+01
7.280 8.6650537729e+01
7.300 8.5993208417e+01
7.320 8.5342616965e+01
7.340 8.4698676381e+01
7.360 8.4061301027e+01
7.380 8.3430406597e+01
7.400 8.2805910085e+01
7.420 8.2187729772e+01
7.440 8.1575785194e+01
7.460 8.0969997123e+01
7.480 8.0370287544e+01
7.500 7.9776579635e+01
7.520 7.9188797744e+01
7.540 7.8606867369e+01
7.560 7.8030715135e+01
7.580 7.7460268778e+01
7.600 7.6895457124e+01
7.620 7.6336210068e+01
7.640 7.5782458555e+01
7.660 7.5234134567e+01
7.680 7.4691171098e+01
7.700 7.4153502139e+01
7.720 7.3621062662e+01
7.740 7.3093788602e+01
7.760 7.2571616840e+01
7.780 7.2054485185e+01
7.800 7.1542332362e+01
7.820 7.1035097993e+01
7.840 7.0532722584e+01
7.860 7.0035147507e+01
7.880 6.9542314986e+01
7.900 6.9054168086e+01
7.920 6.8570650695e+01
7.940 6.8091707509e+01
7.960 6.7617284023e+01
7.980 6.7147326514e+01
8.000 6.6681782029e+01
8.020 6.6220598371e+01
8.040 6.5763724090e+01
8.060 6.5311108463e+01
8.080 6.4862701492e+01
8.100 6.4418453883e+01
8.120 6.3978317040e+01
8.140 6.3542243050e+01
8.160 6.3110184675e+01
8.180 6.2682095337e+01
8.200 6.2257929112e+01
8.220 6.1837640713e+01
8.240 6.1421185487e+01
8.260 6.1008519398e+01
8.280 6.0599599022e+01
8.300 6.0194381534e+01
8.320 5.9792824698e+01
8.340 5.9394886862e+01
8.360 5.9000526942e+01
8.380 5.8609704419e+01
8.400 5.8222379324e+01
8.420 5.7838512237e+01
8.440 5.7458064269e+01
8.460 5.7080997061e+01
8.480 5.6707272772e+01
8.500 5.6336854072e+01
8.520 5.5969704133e+01
8.540 5.5605786623e+01
8.560 5.5245065694e+01
8.580 5.4887505981e+01
8.600 5.4533072589e+01
8.620 5.4181731086e+01
8.640 5.3833447499e+01
8.660 5.3488188304e+01
8.680 5.3145920422e+01
8.700 5.2806611207e+01
8.720 5.2470228446e+01
8.740 5.2136740346e+01
8.760 5.1806115532e+01
8.780 5.1478323039e+01
8.800 5.1153332305e+01
8.820 5.0831113166e+01
8.840 5.0511635849e+01
8.860 5.0194870968e+01
8.880 4.9880789515e+01
8.900 4.9569362857e+01
8.920 4.9260562729e+01
8.940 4.8954361230e+01
8.960 4.8650730814e+01
8.980 4.8349644288e+01
9.000 4.8051074808e+01
9.020 4.7754995868e+01
9.040 4.7461381301e+01
9.060 4.7170205270e+01
9.080 4.6881442266e+01
9.100 4.6595067100e+01
9.120 4.6311054901e+01
9.140 4.6029381112e+01
9.160 4.5750021479e+01
9.180 4.5472952057e+01
9.200 4.5198149196e+01
9.220 4.4925589541e+01
9.240 4.4655250027e+01
9.260 4.4387107878e+01
9.280 4.4121140595e+01
9.300 4.3857325959e+01
9.320 4.3595642026e+01
9.340 4.3336067120e+01
9.360 4.3078579831e+01
9.380 4.2823159011e+01
9.400 4.2569783771e+01
9.420 4.2318433476e+01
9.440 4.2069087743e+01
9.460 4.1821726434e+01
9.480 4.1576329657e+01
9.500 4.1332877761e+01
9.520 4.1091351329e+01
9.540 4.0851731182e+01
9.560 4.0613998366e+01
9.580 4.0378134160e+01
9.600 4.0144120062e+01
9.620 3.9911937794e+01
9.640 3.9681569294e+01
9.660 3.9452996716e+01
9.680 3.9226202425e+01
9.700 3.9001168995e+01
9.720 3.8777879205e+01
9.740 3.8556316039e+01
9.760 3.8336462679e+01
9.780 3.8118302506e+01
9.800 3.7901819095e+01
9.820 3.7686996214e+01
9.840 3.7473817820e+01
9.860 3.7262268056e+01
9.880 3.7052331251e+01
9.900 3.6843991914e+01
9.920 3.6637234735e+01
9.940 3.6432044580e+01
9.960 3.6228406490e+01
9.980 3.6026305679e+01
10.000 3.5825727527e+01
10.020 3.5626657587e+01
10.040 3.5429081574e+01
10.060 3.5232985367e+01
10.080 3.5038355005e+01
10.100 3.4845176688e+01
10.120 3.4653436769e+01
10.140 3.4463121761e+01
10.160 3.4274218324e+01
10.180 3.4086713271e+01
10.200 3.3900593565e+01
10.220 3.3715846313e+01
10.240 3.3532458769e+01
10.260 3.3350418326e+01
10.280 3.3169712523e+01
10.300 3.2990329034e+01
10.320 3.2812255671e+01
10.340 3.2635480384e+01
10.360 3.2459991253e+01
10.380 3.2285776493e+01
10.400 3.2112824447e+01
10.420 3.1941123588e+01
10.440 3.1770662515e+01
10.460 3.1601429953e+01
10.480 3.1433414749e+01
10.500 3.1266605875e+01
10.520 3.1100992422e+01
10.540 3.0936563598e+01
10.560 3.0773308731e+01
10.580 3.0611217264e+01
10.600 3.0450278756e+01
10.620 3.0290482875e+01
10.640 3.0131819406e+01
10.660 2.9974278239e+01
10.680 2.9817849377e+01
10.700 2.9662522927e+01
10.720 2.9508289105e+01
10.740 2.9355138229e+01
10.760 2.9203060723e+01
10.780 2.9052047111e+01
10.800 2.8902088020e+01
10.820 2.8753174174e+01
10.840 2.8605296397e+01
10.860 2.8458445610e+01
10.880 2.8312612830e+01
10.900 2.8167789168e+01
10.920 2.8023965830e+01
10.940 2.7881134112e+01
10.960 2.7739285404e+01
10.980 2.7598411185e+01
11.000 2.7458503023e+01
11.020 2.7319552573e+01
11.040 2.7181551579e+01
11.060 2.7044491869e+01
11.080 2.6908365358e+01
11.100 2.6773164041e+01
11.120 1.9260547744e+02
11.140 1.9174584376e+02
11.160 1.9089125752e+02
11.180 1.9004168193e+02
11.200 1.8919708056e+02
11.220 1.8835741725e+02
11.240 1.8752265619e+02
11.260 1.8669276185e+02
11.280 1.8586769905e+02
11.300 1.8504743287e+02
11.320 1.8423192871e+02
11.340 1.8342115228e+02
11.360 1.8261506956e+02
11.380 1.8181364684e+02
11.400 1.8101685070e+02
11.420 1.8022464799e+02
11.440 1.7943700586e+02
11.460 1.7865389174e+02
11.480 1.7787527332e+02
11.500 1.7710111859e+02
11.520 1.7633139580e+02
11.540 1.7556607346e+02
11.560 1.7480512036e+02
11.580 1.7404850556e+02
11.600 1.7329619837e+02
11.620 1.7254816837e+02
11.640 1.7180438537e+02
11.660 1.7106481947e+02
11.680 1.7032944100e+02
11.700 1.6959822055e+02
11.720 1.6887112894e+02
11.740 1.6814813726e+02
11.760 1.6742921682e+02
11.780 1.6671433919e+02
11.800 1.6600347614e+02
11.820 1.6529659972e+02
11.840 1.6459368219e+02
11.860 1.6389469604e+02
11.880 1.6319961399e+02
11.900 1.6250840899e+02
11.920 1.6182105422e+02
11.940 1.6113752305e+02
11.960 1.6045778912e+02
11.980 1.5978182625e+02
12.000 1.5910960848e+02
12.020 1.5844111007e+02
12.040 1.5777630550e+02
12.060 1.5711516945e+02
12.080 1.5645767679e+02
12.100 1.5580380263e+02
12.120 1.5515352226e+02
12.140 1.5450681118e+02
12.160 1.5386364508e+02
12.180 1.5322399986e+02
12.200 1.5258785161e+02
12.220 1.5195517661e+02
12.240 1.5132595135e+02
12.260 1.5070015247e+02
12.280 1.5007775685e+02
12.300 1.4945874153e+02
12.320 1.4884308372e+02
12.340 1.4823076084e+02
12.360 1.4762175049e+02
12.380 1.4701603043e+02
12.400 1.4641357861e+02
12.420 1.4581437316e+02
12.440 1.4521839238e+02
12.460 1.4462561474e+02
12.480 1.4403601889e+02
12.500 1.4344958365e+02
12.520 1.4286628800e+02
12.540 1.4228611109e+02
12.560 1.4170903224e+02
12.580 1.4113503092e+02
12.600 1.4056408679e+02
12.620 1.3999617964e+02
12.640 1.3943128944e+02
12.660 1.3886939630e+02
12.680 1.3831048052e+02
12.700 1.3775452250e+02
12.720 1.3720150285e+02
12.740 1.3665140231e+02
12.760 1.3610420175e+02
12.780 1.3555988222e+02
12.800 1.3501842490e+02
12.820 1.3447981114e+02
12.840 1.3394402239e+02
12.860 1.3341104030e+02
12.880 1.3288084662e+02
12.900 1.3235342326e+02
12.920 1.3182875227e+02
12.940 1.3130681583e+02
12.960 1.3078759627e+02
12.980 1.3027107604e+02
13.000 1.2975723775e+02
13.020 1.2924606412e+02
13.040 1.2873753801e+02
13.060 1.2823164242e+02
13.080 1.2772836047e+02
13.100 1.2722767542e+02
13.120 1.2672957065e+02
13.140 1.2623402966e+02
13.160 1.2574103609e+02
13.180 1.2525057370e+02
13.200 1.2476262638e+02
13.220 1.2427717812e+02
13.240 1.2379421306e+02
13.260 1.2331371544e+02
13.280 1.2283566963e+02
13.300 1.2236006011e+02
13.320 1.2188687149e+02
13.340 1.2141608849e+02
13.360 1.2094769594e+02
13.380 1.2048167878e+02
13.400 1.2001802208e+02
13.420 1.1955671101e+02
13.440 1.1909773086e+02
13.460 1.1864106701e+02
13.480 1.1818670498e+02
13.500 1.1773463038e+02
13.520 1.1728482893e+02
13.540 1.1683728644e+02
13.560 1.1639198886e+02
13.580 1.1594892222e+02
13.600 1.1550807267e+02
13.620 1.1506942643e+02
13.640 1.1463296986e+02
13.660 1.1419868941e+02
13.680 1.1376657162e+02
13.700 1.1333660314e+02
13.720 1.1290877070e+02
13.740 1.1248306115e+02
13.760 1.1205946144e+02
13.780 1.1163795859e+02
13.800 1.1121853973e+02
13.820 1.1080119209e+02
13.840 1.1038590298e+02
13.860 1.0997265981e+02
13.880 1.0956145010e+02
13.900 1.0915226142e+02
13.920 1.0874508146e+02
13.940 1.0833989800e+02
13.960 1.0793669890e+02
13.980 1.0753547211e+02
14.000 1.0713620566e+02
14.020 1.0673888768e+02
14.040 1.0634350638e+02
14.060 1.0595005006e+02
14.080 1.0555850709e+02
14.100 1.0516886594e+02
14.120 1.0478111515e+02
14.140 1.0439524336e+02
14.160 1.0401123927e+02
14.180 1.0362909167e+02
14.200 1.0324878945e+02
14.220 1.0287032154e+02
14.240 1.0249367699e+02
14.260 1.0211884489e+02
14.280 1.0174581443e+02
14.300 1.0137457489e+02
14.320 1.0100511559e+02
14.340 1.0063742596e+02
14.360 1.0027149548e+02
14.380 9.9907313718e+01
14.400 9.9544870319e+01
14.420 9.9184154991e+01
14.440 9.8825157521e+01
14.460 9.8467867765e+01
14.480 9.8112275653e+01
14.500 9.7758371183e+01
14.520 9.7406144427e+01
14.540 9.7055585523e+01
14.560 9.6706684681e+01
14.580 9.6359432179e+01
14.600 9.6013818362e+01
14.620 9.5669833644e+01
14.640 9.5327468504e+01
14.660 9.4986713489e+01
14.680 9.4647559213e+01
14.700 9.4309996352e+01
14.720 9.3974015649e+01
14.740 9.3639607911e+01
14.760 9.3306764009e+01
14.780 9.2975474878e+01
14.800 9.2645731512e+01
14.820 9.2317524973e+01
14.840 9.1990846380e+01
14.860 9.1665686915e+01
14.880 9.1342037821e+01
14.900 9.1019890401e+01
14.920 9.0699236018e+01
14.940 9.0380066094e+01
14.960 9.0062372110e+01
14.980 8.9746145605e+01
15.000 8.9431378176e+01
15.020 8.9118061479e+01
15.040 8.8806187224e+01
15.060 8.8495747180e+01
15.080 8.8186733171e+01
15.100 8.7879137077e+01
15.120 8.7572950833e+01
15.140 8.7268166429e+01
15.160 8.6964775909e+01
15.180 8.6662771372e+01
15.200 8.6362144968e+01
15.220 8.6062888903e+01
15.240 8.5764995433e+01
15.260 8.5468456869e+01
15.280 8.5173265571e+01
15.300 8.4879413953e+01
15.320 8.4586894477e+01
15.340 8.4295699660e+01
15.360 8.4005822064e+01
15.380 8.3717254304e+01
15.400 8.3429989045e+01
15.420 8.3144018998e+01
15.440 8.2859336927e+01
15.460 8.2575935639e+01
15.480 8.2293807995e+01
15.500 8.2012946897e+01
15.520 8.1733345300e+01
15.540 8.1454996202e+01
15.560 8.1177892649e+01
15.580 8.0902027733e+01
15.600 8.0627394591e+01
15.620 8.0353986407e+01
15.640 8.0081796409e+01
15.660 7.9810817869e+01
15.680 7.9541044104e+01
15.700 7.9272468475e+01
15.720 7.9005084388e+01
15.740 7.8738885289e+01
15.760 7.8473864671e+01
15.780 7.8210016066e+01
15.800 7.7947333052e+01
15.820 7.7685809246e+01
15.840 7.7425438307e+01
15.860 7.7166213938e+01
15.880 7.6908129881e+01
15.900 7.6651179918e+01
15.920 7.6395357874e+01
15.940 7.6140657611e+01
15.960 7.5887073034e+01
15.980 7.5634598086e+01
16.000 7.5383226748e+01
16.020 7.5132953043e+01
16.040 7.4883771029e+01
16.060 7.4635674807e+01
16.080 7.4388658511e+01
16.100 7.4142716316e+01
16.120 7.3897842435e+01
16.140 7.3654031115e+01
16.160 7.3411276643e+01
16.180 7.3169573341e+01
16.200 7.2928915568e+01
16.220 7.2689297721e+01
16.240 7.2450714228e+01
16.260 7.2213159558e+01
16.280 7.1976628212e+01
16.300 7.1741114727e+01
16.320 7.1506613675e+01
16.340 7.1273119662e+01
16.360 7.1040627329e+01
16.380 7.0809131350e+01
16.400 7.0578626435e+01
16.420 7.0349107325e+01
16.440 7.0120568795e+01
16.460 6.9893005654e+01
16.480 6.9666412744e+01
16.500 6.9440784937e+01
16.520 6.9216117140e+01
16.540 6.8992404291e+01
16.560 6.8769641360e+01
16.580 6.8547823349e+01
16.600 6.8326945292e+01
16.620 6.8107002251e+01
16.640 6.7887989322e+01
16.660 6.7669901631e+01
16.680 6.7452734335e+01
16.700 6.7236482620e+01
16.720 6.7021141703e+01
16.740 6.6806706830e+01
16.760 6.6593173277e+01
16.780 6.6380536350e+01
16.800 6.6168791383e+01
16.820 6.5957933740e+01
16.840 6.5747958814e+01
16.860 6.5538862026e+01
16.880 6.5330638824e+01
16.900 6.5123284686e+01
16.920 6.4916795118e+01
16.940 6.4711165652e+01
16.960 6.4506391850e+01
16.980 6.4302469300e+01
17.000 6.4099393616e+01
17.020 6.3897160441e+01
17.040 6.3695765444e+01
17.060 6.3495204320e+01
17.080 6.3295472791e+01
17.100 6.3096566605e+01
17.120 6.2898481536e+01
17.140 6.2701213385e+01
17.160 6.2504757975e+01
17.180 6.2309111160e+01
17.200 6.2114268814e+01
17.220 6.1920226840e+01
17.240 6.1726981163e+01
17.260 6.1534527734e+01
17.280 6.1342862530e+01
17.300 6.1151981550e+01
17.320 6.0961880818e+01
17.340 6.0772556383e+01
17.360 6.0584004316e+01
17.380 6.0396220715e+01
17.400 6.0209201697e+01
17.420 6.0022943406e+01
17.440 5.9837442008e+01
17.460 5.9652693693e+01
17.480 5.9468694671e+01
17.500 5.9285441178e+01
17.520 5.9102929471e+01
17.540 5.8921155831e+01
17.560 5.8740116558e+01
17.580 5.8559807977e+01
17.600 5.8380226434e+01
17.620 5.8201368297e+01
17.640 5.8023229955e+01
17.660 5.7845807820e+01
17.680 5.7669098324e+01
17.700 5.7493097920e+01
17.720 5.7317803084e+01
17.740 5.7143210310e+01
17.760 5.6969316116e+01
17.780 5.6796117037e+01
17.800 5.6623609632e+01
17.820 5.6451790478e+01
17.840 5.6280656174e+01
17.860 5.6110203337e+01
17.880 5.5940428606e+01
17.900 5.5771328638e+01
17.920 5.5602900110e+01
17.940 5.5435139721e+01
17.960 5.5268044185e+01
17.980 5.5101610239e+01
18.000 5.4935834638e+01
18.020 5.4770714155e+01
18.040 5.4606245582e+01
18.060 5.4442425732e+01
18.080 5.4279251434e+01
18.100 5.4116719536e+01
18.120 5.3954826906e+01
18.140 5.3793570429e+01
18.160 5.3632947007e+01
18.180 5.3472953562e+01
18.200 5.3313587032e+01
18.220 5.3154844375e+01
18.240 5.2996722566e+01
18.260 5.2839218595e+01
18.280 5.2682329472e+01
18.300 5.2526052224e+01
18.320 5.2370383894e+01
18.340 5.2215321543e+01
18.360 5.2060862250e+01
18.380 5.1907003107e+01
18.400 5.1753741228e+01
18.420 5.1601073739e+01
18.440 5.1448997784e+01
18.460 5.1297510525e+01
18.480 5.1146609139e+01
18.500 5.0996290817e+01
18.520 5.0846552771e+01
18.540 5.0697392224e+01
18.560 5.0548806417e+01
18.580 5.0400792607e+01
18.600 5.0253348067e+01
18.620 5.0106470084e+01
18.640 4.9960155961e+01
18.660 4.9814403018e+01
18.680 4.9669208586e+01
18.700 4.9524570016e+01
18.720 4.9380484672e+01
18.740 4.9236949931e+01
18.760 4.9093963188e+01
18.780 4.8951521851e+01
18.800 4.8809623343e+01
18.820 4.8668265101e+01
18.840 4.8527444577e+01
18.860 4.8387159238e+01
18.880 4.8247406564e+01
18.900 4.8108184050e+01
18.920 4.7969489203e+01
18.940 4.7831319548e+01
18.960 4.7693672620e+01
18.980 4.7556545970e+01
19.000 4.7419937162e+01
19.020 4.7283843773e+01
19.040 4.7148263395e+01
19.060 4.7013193633e+01
19.080 4.6878632103e+01
19.100 4.6744576438e+01
19.120 4.6611024281e+01
19.140 4.6477973291e+01
19.160 4.6345421137e+01
19.180 4.6213365504e+01
19.200 4.6081804086e+01
19.220 4.5950734594e+01
19.240 4.5820154748e+01
19.260 4.5690062284e+01
19.280 4.5560454947e+01
19.300 4.5431330497e+01
19.320 4.5302686705e+01
19.340 4.5174521356e+01
19.360 4.5046832245e+01
19.380 4.4919617180e+01
19.400 4.4792873982e+01
19.420 4.4666600482e+01
19.440 4.4540794525e+01
19.460 4.4415453966e+01
19.480 4.4290576672e+01
19.500 4.4166160523e+01
19.520 4.4042203410e+01
19.540 4.3918703235e+01
19.560 4.3795657912e+01
19.580 4.3673065365e+01
19.600 4.3550923531e+01
19.620 4.3429230358e+01
19.640 4.3307983804e+01
19.660 4.3187181839e+01
19.680 4.3066822444e+01
19.700 4.2946903610e+01
19.720 4.2827423341e+01
19.740 4.2708379650e+01
19.760 4.2589770560e+01
19.780 4.2471594107e+01
19.800 4.2353848337e+01
19.820 4.2236531304e+01
19.840 4.2119641076e+01
19.860 4.2003175729e+01
19.880 4.1887133351e+01
19.900 4.1771512039e+01
19.920 4.1656309901e+01
19.940 4.1541525054e+01
19.960 4.1427155626e+01
19.980 4.1313199756e+01
20.000 4.1199655591e+01
20.020 4.1086521288e+01
20.040 4.0973795017e+01
20.060 4.0861474953e+01
20.080 4.0749559284e+01
20.100 4.0638046207e+01
20.120 4.0526933927e+01
20.140 4.0416220662e+01
20.160 4.0305904636e+01
20.180 4.0195984084e+01
20.200 4.0086457250e+01
20.220 3.9977322387e+01
20.240 3.9868577759e+01
20.260 3.9760221637e+01
20.280 3.9652252301e+01
20.300 3.9544668043e+01
20.320 3.9437467160e+01
20.340 3.9330647962e+01
20.360 3.9224208764e+01
20.380 3.9118147894e+01
20.400 3.9012463685e+01
20.420 3.8907154480e+01
20.440 3.8802218632e+01
20.460 3.8697654502e+01
20.480 3.8593460458e+01
20.500 3.8489634879e+01
20.520 3.8386176150e+01
20.540 3.8283082667e+01
20.560 3.8180352832e+01
20.580 3.8077985057e+01
20.600 3.7975977762e+01
20.620 3.7874329374e+01
20.640 3.7773038330e+01
20.660 3.7672103073e+01
20.680 3.7571522057e+01
20.700 3.7471293741e+01
20.720 3.7371416593e+01
20.740 3.7271889091e+01
20.760 3.7172709717e+01
20.780 3.7073876965e+01
20.800 3.6975389333e+01
20.820 3.6877245330e+01
20.840 3.6779443471e+01
20.860 3.6681982278e+01
20.880 3.6584860281e+01
20.900 3.6488076020e+01
20.920 3.6391628039e+01
20.940 3.6295514891e+01
20.960 3.6199735138e+01
20.980 3.6104287346e+01
21.000 3.6009170091e+01
21.020 3.5914381956e+01
21.040 3.5819921530e+01
21.060 3.5725787410e+01
21.080 3.5631978199e+01
21.100 3.5538492511e+01
21.120 3.5445328962e+01
21.140 3.5352486177e+01
21.160 3.5259962790e+01
21.180 3.5167757440e+01
21.200 3.5075868773e+01
21.220 3.4984295441e+01
21.240 3.4893036105e+01
21.260 3.4802089432e+01
21.280 3.4711454094e+01
21.300 3.4621128772e+01
21.320 3.4531112154e+01
21.340 3.4441402932e+01
21.360 3.4351999806e+01
21.380 3.4262901483e+01
21.400 3.4174106677e+01
21.420 3.4085614106e+01
21.440 3.3997422498e+01
21.460 3.3909530584e+01
21.480 3.3821937103e+01
21.500 3.3734640800e+01
21.520 3.3647640427e+01
21.540 3.3560934742e+01
21.560 3.3474522509e+01
21.580 3.3388402497e+01
21.600 3.3302573483e+01
21.620 3.3217034249e+01
21.640 3.3131783585e+01
21.660 3.3046820283e+01
21.680 3.2962143146e+01
21.700 3.2877750978e+01
21.720 3.2793642593e+01
21.740 3.2709816810e+01
21.760 3.2626272451e+01
21.780 3.2543008348e+01
21.800 3.2460023336e+01
21.820 3.2377316257e+01
21.840 3.2294885957e+01
21.860 3.2212731291e+01
21.880 3.2130851116e+01
21.900 3.2049244298e+01
21.920 3.1967909705e+01
21.940 3.1886846214e+01
21.960 3.1806052706e+01
21.980 3.1725528066e+01
22.000 3.1645271188e+01
22.020 3.1565280969e+01
22.040 3.1485556311e+01
22.060 3.1406096123e+01
22.080 3.1326899319e+01
22.100 3.1247964817e+01
22.120 3.1169291542e+01
22.140 3.1090878423e+01
22.160 3.1012724395e+01
22.180 3.0934828398e+01
22.200 3.0857189376e+01
22.220 3.0779806282e+01
22.240 3.0702678068e+01
22.260 3.0625803697e+01
22.280 3.0549182134e+01
22.300 3.0472812349e+01
22.320 3.0396693318e+01
22.340 3.0320824020e+01
22.360 3.0245203443e+01
22.380 3.0169830576e+01
22.400 3.0094704414e+01
22.420 3.0019823958e+01
22.440 2.9945188212e+01
22.460 2.9870796186e+01
22.480 2.9796646895e+01
22.500 2.9722739358e+01
22.520 2.9649072600e+01
22.540 2.9575645648e+01
22.560 2.9502457536e+01
22.580 2.9429507302e+01
22.600 2.9356793990e+01
22.620 2.9284316645e+01
22.640 2.9212074321e+01
22.660 2.9140066073e+01
22.680 2.9068290962e+01
22.700 2.8996748054e+01
22.720 2.8925436419e+01
22.740 2.8854355130e+01
22.760 2.8783503266e+01
22.780 2.8712879911e+01
22.800 2.8642484153e+01
22.820 2.8572315082e+01
22.840 2.8502371795e+01
22.860 2.8432653393e+01
22.880 2.8363158980e+01
22.900 2.8293887665e+01
22.920 2.8224838562e+01
22.940 2.8156010787e+01
22.960 2.8087403463e+01
22.980 2.8019015714e+01
23.000 2.7950846672e+01
23.020 2.7882895470e+01
23.040 2.7815161245e+01
23.060 2.7747643141e+01
23.080 2.7680340303e+01
23.100 2.7613251882e+01
23.120 2.7546377032e+01
23.140 2.7479714910e+01
23.160 2.7413264680e+01
23.180 2.7347025507e+01
23.200 2.7280996561e+01
23.220 2.7215177016e+01
23.240 2.7149566049e+01
23.260 2.7084162844e+01
23.280 2.7018966584e+01
23.300 2.6953976459e+01
23.320 2.6889191663e+01
23.340 2.6824611391e+01
23.360 2.6760234845e+01
23.380 2.6696061229e+01
23.400 2.6632089751e+01
23.420 2.6568319622e+01
23.440 2.6504750057e+01
23.460 2.6441380277e+01
23.480 2.6378209503e+01
23.500 2.6315236962e+01
23.520 2.6252461882e+01
23.540 2.6189883499e+01
23.560 2.6127501049e+01
23.580 2.6065313771e+01
23.600 2.6003320911e+01
23.620 2.5941521715e+01
23.640 2.5879915435e+01
23.660 2.5818501324e+01
23.680 2.5757278642e+01
23.700 2.5696246648e+01
23.720 2.5635404608e+01
23.740 2.5574751789e+01
23.760 2.5514287463e+01
23.780 2.5454010906e+01
23.800 2.5393921394e+01
23.820 2.5334018209e+01
23.840 2.5274300636e+01
23.860 2.5214767962e+01
23.880 2.5155419480e+01
23.900 2.5096254483e+01
23.920 2.5037272269e+01
23.940 2.4978472139e+01
23.960 2.4919853396e+01
23.980 2.4861415349e+01
24.000 2.4803157308e+01
24.020 2.4745078586e+01
24.040 2.4687178499e+01
24.060 2.4629456368e+01
24.080 2.4571911515e+01
24.100 2.4514543266e+01
24.120 2.4457350951e+01
24.140 2.4400333900e+01
24.160 2.4343491450e+01
24.180 2.4286822938e+01
24.200 2.4230327706e+01
24.220 2.4174005096e+01
24.240 2.4117854457e+01
24.260 2.4061875138e+01
24.280 2.4006066492e+01
24.300 2.3950427875e+01
24.320 2.3894958645e+01
24.340 2.3839658164e+01
24.360 2.3784525797e+01
24.380 2.3729560910e+01
24.400 2.3674762874e+01
24.420 2.3620131061e+01
24.440 2.3565664848e+01
24.460 2.3511363613e+01
24.480 2.3457226737e+01
24.500 2.3403253605e+01
24.520 2.3349443603e+01
24.540 2.3295796120e+01
24.560 2.3242310550e+01
24.580 2.3188986287e+01
24.600 2.3135822728e+01
24.620 2.3082819275e+01
24.640 2.3029975330e+01
24.660 2.2977290299e+01
24.680 2.2924763590e+01
24.700 2.2872394615e+01
24.720 2.2820182786e+01
24.740 2.2768127521e+01
24.760 2.2716228237e+01
24.780 2.2664484356e+01
24.800 2.2612895303e+01
24.820 2.2561460503e+01
24.840 2.2510179385e+01
24.860 2.2459051382e+01
24.880 2.2408075926e+01
24.900 2.2357252456e+01
24.920 2.2306580408e+01
24.940 2.2256059226e+01
24.960 2.2205688353e+01
24.980 2.2155467235e+01
25.000 2.2105395321e+01
25.020 2.2055472062e+01
25.040 2.2005696912e+01
25.060 2.1956069327e+01
25.080 2.1906588766e+01
25.100 2.1857254688e+01
25.120 2.1808066558e+01
25.140 2.1759023840e+01
25.160 2.1710126003e+01
25.180 2.1661372517e+01
25.200 2.1612762853e+01
25.220 2.1564296487e+01
25.240 2.1515972897e+01
25.260 2.1467791560e+01
25.280 2.1419751959e+01
25.300 2.1371853577e+01
25.320 2.1324095901e+01
25.340 2.1276478419e+01
25.360 2.1229000621e+01
25.380 2.1181662000e+01
25.400 2.1134462051e+01
25.420 2.1087400272e+01
25.440 2.1040476160e+01
25.460 2.0993689218e+01
25.480 2.0947038950e+01
25.500 2.0900524861e+01
25.520 2.0854146459e+01
25.540 2.0807903254e+01
25.560 2.0761794757e+01
25.580 2.0715820484e+01
25.600 2.0669979951e+01
25.620 2.0624272675e+01
25.640 2.0578698178e+01
25.660 2.0533255981e+01
25.680 2.0487945610e+01
25.700 2.0442766591e+01
25.720 2.0397718452e+01
25.740 2.0352800724e+01
25.760 2.0308012940e+01
25.780 2.0263354635e+01
25.800 2.0218825344e+01
25.820 2.0174424607e+01
25.840 2.0130151964e+01
25.860 2.0086006957e+01
25.880 2.0041989132e+01
25.900 1.9998098034e+01
25.920 1.9954333212e+01
25.940 1.9910694216e+01
25.960 1.9867180598e+01
25.980 1.9823791912e+01
26.000 1.9780527715e+01
26.020 1.9737387563e+01
26.040 1.9694371017e+01
26.060 1.9651477639e+01
26.080 1.9608706991e+01
26.100 1.9566058639e+01
26.120 1.9523532150e+01
26.140 1.9481127093e+01
26.160 1.9438843039e+01
26.180 1.9396679560e+01
26.200 1.9354636231e+01
26.220 1.9312712628e+01
26.240 1.9270908328e+01
26.260 1.9229222912e+01
26.280 1.9187655960e+01
26.300 1.9146207057e+01
26.320 1.9104875786e+01
26.340 1.9063661736e+01
26.360 1.9022564494e+01
26.380 1.8981583650e+01
26.400 1.8940718796e+01
26.420 1.8899969527e+01
26.440 1.8859335436e+01
26.460 1.8818816122e+01
26.480 1.8778411182e+01
26.500 1.8738120218e+01
26.520 1.8697942830e+01
26.540 1.8657878623e+01
26.560 1.8617927203e+01
26.580 1.8578088175e+01
26.600 1.8538361149e+01
26.620 1.8498745735e+01
26.640 1.8459241544e+01
26.660 1.8419848191e+01
26.680 1.8380565289e+01
26.700 1.8341392456e+01
26.720 1.8302329310e+01
26.740 1.8263375471e+01
26.760 1.8224530559e+01
26.780 1.8185794199e+01
26.800 1.8147166014e+01
26.820 1.8108645630e+01
26.840 1.8070232676e+01
26.860 1.8031926779e+01
26.880 1.7993727572e+01
26.900 1.7955634685e+01
26.920 1.7917647753e+01
26.940 1.7879766410e+01
26.960 1.7841990294e+01
26.980 1.7804319043e+01
27.000 1.7766752296e+01
27.020 1.7729289694e+01
27.040 1.7691930880e+01
27.060 1.7654675498e+01
27.080 1.7617523193e+01
27.100 1.7580473613e+01
27.120 1.7543526405e+01
27.140 1.7506681220e+01
27.160 1.7469937709e+01
27.180 1.7433295525e+01
27.200 1.7396754321e+01
27.220 1.7360313753e+01
27.240 1.7323973479e+01
27.260 1.7287733156e+01
27.280 1.7251592443e+01
27.300 1.7215551003e+01
27.320 1.7179608497e+01
27.340 1.7143764590e+01
27.360 1.7108018946e+01
27.380 1.7072371232e+01
27.400 1.7036821117e+01
27.420 1.7001368268e+01
27.440 1.6966012357e+01
27.460 1.6930753055e+01
27.480 1.6895590036e+01
27.500 1.6860522975e+01
27.520 1.6825551546e+01
27.540 1.6790675428e+01
27.560 1.6755894299e+01
27.580 1.6721207838e+01
27.600 1.6686615726e+01
27.620 1.6652117646e+01
27.640 1.6617713282e+01
27.660 1.6583402318e+01
27.680 1.6549184440e+01
27.700 1.6515059336e+01
27.720 1.6481026694e+01
27.740 1.6447086204e+01
27.760 1.6413237557e+01
27.780 1.6379480447e+01
27.800 1.6345814565e+01
27.820 1.6312239607e+01
27.840 1.6278755270e+01
27.860 1.6245361249e+01
27.880 1.6212057245e+01
27.900 1.6178842955e+01
27.920 1.6145718082e+01
27.940 1.6112682327e+01
27.960 1.6079735393e+01
27.980 1.6046876985e+01
28.000 1.6014106808e+01
28.020 1.5981424569e+01
28.040 1.5948829975e+01
28.060 1.5916322737e+01
28.080 1.5883902564e+01
28.100 1.5851569167e+01
28.120 1.5819322259e+01
28.140 1.5787161554e+01
28.160 1.5755086766e+01
28.180 1.5723097611e+01
28.200 1.5691193805e+01
28.220 1.5659375069e+01
28.240 1.5627641119e+01
28.260 1.5595991677e+01
28.280 1.5564426465e+01
28.300 1.5532945204e+01
28.320 1.5501547618e+01
28.340 1.5470233432e+01
28.360 1.5439002372e+01
28.380 1.5407854164e+01
28.400 1.5376788537e+01
28.420 1.5345805220e+01
28.440 1.5314903941e+01
28.460 1.5284084434e+01
28.480 1.5253346428e+01
28.500 1.5222689659e+01
28.520 1.5192113860e+01
28.540 1.5161618767e+01
28.560 1.5131204114e+01
28.580 1.5100869641e+01
28.600 1.5070615086e+01
28.620 1.5040440187e+01
28.640 1.5010344685e+01
28.660 1.4980328321e+01
28.680 1.4950390839e+01
28.700 1.4920531981e+01
28.720 1.4890751491e+01
28.740 1.4861049115e+01
28.760 1.4831424600e+01
28.780 1.4801877693e+01
28.800 1.4772408141e+01
28.820 1.4743015695e+01
28.840 1.4713700105e+01
28.860 1.4684461121e+01
28.880 1.4655298497e+01
28.900 1.4626211984e+01
28.920 1.4597201338e+01
28.940 1.4568266314e+01
28.960 1.4539406666e+01
28.980 1.4510622153e+01
29.000 1.4481912532e+01
29.020 1.4453277561e+01
29.040 1.4424717002e+01
29.060 1.4396230613e+01
29.080 1.4367818158e+01
29.100 1.4339479397e+01
29.120 1.4311214096e+01
29.140 1.4283022017e+01
29.160 1.4254902926e+01
29.180 1.4226856590e+01
29.200 1.4198882774e+01
29.220 1.4170981248e+01
29.240 1.4143151779e+01
29.260 1.4115394138e+01
29.280 1.4087708095e+01
29.300 1.4060093421e+01
29.320 1.4032549889e+01
29.340 1.4005077271e+01
29.360 1.3977675342e+01
29.380 1.3950343877e+01
29.400 1.3923082651e+01
29.420 1.3895891441e+01
29.440 1.3868770023e+01
29.460 1.3841718178e+01
29.480 1.3814735682e+01
29.500 1.3787822317e+01
29.520 1.3760977864e+01
29.540 1.3734202103e+01
29.560 1.3707494817e+01
29.580 1.3680855790e+01
29.600 1.3654284805e+01
29.620 1.3627781647e+01
29.640 1.3601346102e+01
29.660 1.3574977957e+01
29.680 1.3548676998e+01
29.700 1.3522443015e+01
29.720 1.3496275794e+01
29.740 1.3470175128e+01
29.760 1.3444140805e+01
29.780 1.3418172617e+01
29.800 1.3392270356e+01
29.820 1.3366433815e+01
29.840 1.3340662787e+01
29.860 1.3314957067e+01
29.880 1.3289316451e+01
29.900 1.3263740733e+01
29.920 1.3238229710e+01
29.940 1.3212783181e+01
29.960 1.3187400943e+01
29.980 1.3162082794e+01
30.000 1.3136828536e+01
30.020 1.3111637967e+01
30.040 1.3086510890e+01
30.060 1.3061447106e+01
30.080 1.3036446418e+01
30.100 1.3011508629e+01
30.120 1.2986633543e+01
30.140 1.2961820966e+01
30.160 1.2937070702e+01
30.180 1.2912382558e+01
30.200 1.2887756342e+01
30.220 1.2863191860e+01
30.240 1.2838688921e+01
30.260 1.2814247334e+01
30.280 1.2789866909e+01
30.300 1.2765547457e+01
30.320 1.2741288789e+01
30.340 1.2717090717e+01
30.360 1.2692953053e+01
30.380 1.2668875611e+01
30.400 1.2644858204e+01
30.420 1.2620900648e+01
30.440 1.2597002758e+01
30.460 1.2573164350e+01
30.480 1.2549385240e+01
30.500 1.2525665247e+01
30.520 1.2502004187e+01
30.540 1.2478401881e+01
30.560 1.2454858146e+01
30.580 1.2431372804e+01
30.600 1.2407945675e+01
30.620 1.2384576580e+01
30.640 1.2361265342e+01
30.660 1.2338011783e+01
30.680 1.2314815726e+01
30.700 1.2291676996e+01
30.720 1.2268595416e+01
30.740 1.2245570813e+01
30.760 1.2222603013e+01
30.780 1.2199691841e+01
30.800 1.2176837124e+01
30.820 1.2154038692e+01
30.840 1.2131296372e+01
30.860 1.2108609993e+01
30.880 1.2085979384e+01
30.900 1.2063404377e+01
30.920 1.2040884802e+01
30.940 1.2018420490e+01
30.960 1.1996011274e+01
30.980 1.1973656986e+01
31.000 1.1951357460e+01
31.020 1.1929112529e+01
31.040 1.1906922029e+01
31.060 1.1884785794e+01
31.080 1.1862703660e+01
31.100 1.1840675463e+01
31.120 1.1818701041e+01
31.140 1.1796780230e+01
31.160 1.1774912869e+01
31.180 1.1753098796e+01
31.200 1.1731337852e+01
31.220 1.1709629874e+01
31.240 1.1687974705e+01
31.260 1.1666372185e+01
31.280 1.1644822155e+01
31.300 1.1623324458e+01
31.320 1.1601878936e+01
31.340 1.1580485433e+01
31.360 1.1559143792e+01
31.380 1.1537853857e+01
31.400 1.1516615475e+01
31.420 1.1495428489e+01
31.440 1.1474292746e+01
31.460 1.1453208094e+01
31.480 1.1432174378e+01
31.500 1.1411191446e+01
31.520 1.1390259147e+01
31.540 1.1369377330e+01
31.560 1.1348545843e+01
31.580 1.1327764537e+01
31.600 1.1307033262e+01
31.620 1.1286351869e+01
31.640 1.1265720209e+01
31.660 1.1245138134e+01
31.680 1.1224605497e+01
31.700 1.1204122151e+01
31.720 1.1183687949e+01
31.740 1.1163302745e+01
31.760 1.1142966394e+01
31.780 1.1122678751e+01
31.800 1.1102439671e+01
31.820 1.1082249011e+01
31.840 1.1062106627e+01
31.860 1.1042012376e+01
31.880 1.1021966116e+01
31.900 1.1001967705e+01
31.920 1.0982017002e+01
31.940 1.0962113866e+01
31.960 1.0942258156e+01
31.980 1.0922449732e+01
32.000 1.0902688455e+01
32.020 1.0882974187e+01
32.040 1.0863306788e+01
32.060 1.0843686121e+01
32.080 1.0824112048e+01
32.100 1.0804584433e+01
32.120 1.0785103138e+01
32.140 1.0765668028e+01
32.160 1.0746278968e+01
32.180 1.0726935821e+01
32.200 1.0707638455e+01
32.220 1.0688386733e+01
32.240 1.0669180524e+01
32.260 1.0650019693e+01
32.280 1.0630904108e+01
32.300 1.0611833637e+01
32.320 1.0592808148e+01
32.340 1.0573827509e+01
32.360 1.0554891590e+01
32.380 1.0536000260e+01
32.400 1.0517153389e+01
32.420 1.0498350848e+01
32.440 1.0479592507e+01
32.460 1.0460878238e+01
32.480 1.0442207914e+01
32.500 1.0423581405e+01
32.520 1.0404998585e+01
32.540 1.0386459327e+01
32.560 1.0367963504e+01
32.580 1.0349510991e+01
32.600 1.0331101662e+01
32.620 1.0312735392e+01
32.640 1.0294412056e+01
32.660 1.0276131530e+01
32.680 1.0257893690e+01
32.700 1.0239698413e+01
32.720 1.0221545576e+01
32.740 1.0203435056e+01
32.760 1.0185366731e+01
32.780 1.0167340479e+01
32.800 1.0149356180e+01
32.820 1.0131413711e+01
32.840 1.0113512954e+01
32.860 1.0095653788e+01
32.880 1.0077836092e+01
32.900 1.0060059749e+01
32.920 1.0042324638e+01
32.940 1.0024630643e+01
32.960 1.0006977644e+01
32.980 9.9893655242e+00
33.000 9.9717941665e+00
33.020 9.9542634540e+00
33.040 9.9367732703e+00
33.060 9.9193234993e+00
33.080 9.9019140256e+00
33.100 9.8845447339e+00
33.120 9.8672155093e+00
33.140 9.8499262375e+00
33.160 9.8326768045e+00
33.180 9.8154670966e+00
33.200 9.7982970005e+00
33.220 9.7811664034e+00
33.240 9.7640751928e+00
33.260 9.7470232566e+00
33.280 9.7300104831e+00
33.300 9.7130367609e+00
33.320 9.6961019790e+00
33.340 9.6792060269e+00
33.360 9.6623487943e+00
33.380 9.6455301714e+00
33.400 9.6287500487e+00
33.420 9.6120083172e+00
33.440 9.5953048680e+00
33.460 9.5786395929e+00
33.480 9.5620123837e+00
33.500 9.5454231330e+00
33.520 9.5288717333e+00
33.540 9.5123580778e+00
33.560 9.4958820600e+00
33.580 9.4794435736e+00
33.600 9.4630425127e+00
33.620 9.4466787720e+00
33.640 9.4303522463e+00
33.660 9.4140628308e+00
33.680 9.3978104211e+00
33.700 9.3815949131e+00
33.720 9.3654162030e+00
33.740 9.3492741876e+00
33.760 9.3331687638e+00
33.780 9.3170998288e+00
33.800 9.3010672804e+00
33.820 9.2850710166e+00
33.840 9.2691109356e+00
33.860 9.2531869363e+00
33.880 9.2372989175e+00
33.900 9.2214467786e+00
33.920 9.2056304194e+00
33.940 9.1898497399e+00
33.960 9.1741046403e+00
33.980 9.1583950215e+00
34.000 9.1427207844e+00
34.020 9.1270818303e+00
34.040 9.1114780610e+00
34.060 9.0959093785e+00
34.080 9.0803756850e+00
34.100 9.0648768833e+00
34.120 9.0494128763e+00
34.140 9.0339835673e+00
34.160 9.0185888599e+00
34.180 9.0032286581e+00
34.200 8.9879028661e+00
34.220 8.9726113885e+00
34.240 8.9573541301e+00
34.260 8.9421309963e+00
34.280 8.9269418924e+00
34.300 8.9117867243e+00
34.320 8.8966653981e+00
34.340 8.8815778204e+00
34.360 8.8665238978e+00
34.380 8.8515035374e+00
34.400 8.8365166466e+00
34.420 8.8215631331e+00
34.440 8.8066429047e+00
34.460 8.7917558699e+00
34.480 8.7769019371e+00
34.500 8.7620810153e+00
34.520 8.7472930136e+00
34.540 8.7325378416e+00
34.560 8.7178154089e+00
34.580 8.7031256257e+00
34.600 8.6884684022e+00
34.620 8.6738436493e+00
34.640 8.6592512778e+00
34.660 8.6446911989e+00
34.680 8.6301633242e+00
34.700 8.6156675655e+00
34.720 8.6012038349e+00
34.740 8.5867720449e+00
34.760 8.5723721080e+00
34.780 8.5580039372e+00
34.800 8.5436674458e+00
34.820 8.5293625474e+00
34.840 8.5150891557e+00
34.860 8.5008471848e+00
34.880 8.4866365490e+00
34.900 8.4724571631e+00
34.920 8.4583089420e+00
34.940 8.4441918008e+00
34.960 8.4301056551e+00
34.980 8.4160504205e+00
35.000 8.4020260132e+00
35.020 8.3880323493e+00
35.040 8.3740693455e+00
35.060 8.3601369186e+00
35.080 8.3462349858e+00
35.100 8.3323634642e+00
35.120 8.3185222718e+00
35.140 8.3047113262e+00
35.160 8.2909305457e+00
35.180 8.2771798487e+00
35.200 8.2634591540e+00
35.220 8.2497683804e+00
35.240 8.2361074473e+00
35.260 8.2224762740e+00
35.280 8.2088747803e+00
35.300 8.1953028863e+00
35.320 8.1817605121e+00
35.340 8.1682475782e+00
35.360 8.1547640055e+00
35.380 8.1413097150e+00
35.400 8.1278846279e+00
35.420 8.1144886657e+00
35.440 8.1011217503e+00
35.460 8.0877838036e+00
35.480 8.0744747479e+00
35.500 8.0611945058e+00
35.520 8.0479430001e+00
35.540 8.0347201536e+00
35.560 8.0215258898e+00
35.580 8.0083601321e+00
35.600 7.9952228042e+00
35.620 7.9821138302e+00
35.640 7.9690331343e+00
35.660 7.9559806410e+00
35.680 7.9429562750e+00
35.700 7.9299599612e+00
35.720 7.9169916249e+00
35.740 7.9040511915e+00
35.760 7.8911385866e+00
35.780 7.8782537362e+00
35.800 7.8653965665e+00
35.820 7.8525670037e+00
35.840 7.8397649745e+00
35.860 7.8269904058e+00
35.880 7.8142432246e+00
35.900 7.8015233583e+00
35.920 7.7888307343e+00
35.940 7.7761652804e+00
35.960 7.7635269247e+00
35.980 7.7509155953e+00
36.000 7.7383312207e+00
36.020 7.7257737295e+00
36.040 7.7132430508e+00
36.060 7.7007391135e+00
36.080 7.6882618470e+00
36.100 7.6758111810e+00
36.120 7.6633870451e+00
36.140 7.6509893695e+00
36.160 7.6386180843e+00
36.180 7.6262731200e+00
36.200 7.6139544072e+00
36.220 7.6016618768e+00
36.240 7.5893954601e+00
36.260 7.5771550881e+00
36.280 7.5649406926e+00
36.300 7.5527522052e+00
36.320 7.5405895579e+00
36.340 7.5284526829e+00
36.360 7.5163415126e+00
36.380 7.5042559796e+00
36.400 7.4921960166e+00
36.420 7.4801615567e+00
36.440 7.4681525332e+00
36.460 7.4561688794e+00
36.480 7.4442105291e+00
36.500 7.4322774160e+00
36.520 7.4203694743e+00
36.540 7.4084866381e+00
36.560 7.3966288420e+00
36.580 7.3847960206e+00
36.600 7.3729881088e+00
36.620 7.3612050417e+00
36.640 7.3494467545e+00
36.660 7.3377131828e+00
36.680 7.3260042622e+00
36.700 7.3143199286e+00
36.720 7.3026601181e+00
36.740 7.2910247669e+00
36.760 7.2794138116e+00
36.780 7.2678271887e+00
36.800 7.2562648352e+00
36.820 7.2447266882e+00
36.840 7.2332126848e+00
36.860 7.2217227626e+00
36.880 7.2102568591e+00
36.900 7.1988149122e+00
36.920 7.1873968600e+00
36.940 7.1760026407e+00
36.960 7.1646321926e+00
36.980 7.1532854543e+00
37.000 7.1419623648e+00
37.020 7.1306628628e+00
37.040 7.1193868877e+00
37.060 7.1081343787e+00
37.080 7.0969052753e+00
37.100 7.0856995174e+00
37.120 7.0745170448e+00
37.140 7.0633577976e+00
37.160 7.0522217161e+00
37.180 7.0411087407e+00
37.200 7.0300188121e+00
37.220 7.0189518711e+00
37.240 7.0079078587e+00
37.260 6.9968867161e+00
37.280 6.9858883846e+00
37.300 6.9749128059e+00
37.320 6.9639599215e+00
37.340 6.9530296735e+00
37.360 6.9421220039e+00
37.380 6.9312368550e+00
37.400 6.9203741691e+00
37.420 6.9095338889e+00
37.440 6.8987159572e+00
37.460 6.8879203169e+00
37.480 6.8771469112e+00
37.500 6.8663956833e+00
37.520 6.8556665767e+00
37.540 6.8449595351e+00
37.560 6.8342745023e+00
37.580 6.8236114223e+00
37.600 6.8129702392e+00
37.620 6.8023508973e+00
37.640 6.7917533412e+00
37.660 6.7811775156e+00
37.680 6.7706233651e+00
37.700 6.7600908349e+00
37.720 6.7495798701e+00
37.740 6.7390904161e+00
37.760 6.7286224182e+00
37.780 6.7181758223e+00
37.800 6.7077505740e+00
37.820 6.6973466195e+00
37.840 6.6869639048e+00
37.860 6.6766023763e+00
37.880 6.6662619803e+00
37.900 6.6559426637e+00
37.920 6.6456443731e+00
37.940 6.6353670555e+00
37.960 6.6251106581e+00
37.980 6.6148751281e+00
38.000 6.6046604129e+00
38.020 6.5944664601e+00
38.040 6.5842932175e+00
38.060 6.5741406330e+00
38.080 6.5640086546e+00
38.100 6.5538972305e+00
38.120 6.5438063092e+00
38.140 6.5337358392e+00
38.160 6.5236857691e+00
38.180 6.5136560477e+00
38.200 6.5036466241e+00
38.220 6.4936574474e+00
38.240 6.4836884668e+00
38.260 6.4737396319e+00
38.280 6.4638108922e+00
38.300 6.4539021974e+00
38.320 6.4440134975e+00
38.340 6.4341447424e+00
38.360 6.4242958825e+00
38.380 6.4144668680e+00
38.400 6.4046576494e+00
38.420 6.3948681773e+00
38.440 6.3850984025e+00
38.460 6.3753482760e+00
38.480 6.3656177488e+00
38.500 6.3559067722e+00
38.520 6.3462152974e+00
38.540 6.3365432760e+00
38.560 6.3268906598e+00
38.580 6.3172574003e+00
38.600 6.3076434497e+00
38.620 6.2980487599e+00
38.640 6.2884732832e+00
38.660 6.2789169720e+00
38.680 6.2693797787e+00
38.700 6.2598616560e+00
38.720 6.2503625566e+00
38.740 6.2408824336e+00
38.760 6.2314212400e+00
38.780 6.2219789289e+00
38.800 6.2125554537e+00
38.820 6.2031507678e+00
38.840 6.1937648250e+00
38.860 6.1843975788e+00
38.880 6.1750489833e+00
38.900 6.1657189925e+00
38.920 6.1564075604e+00
38.940 6.1471146414e+00
38.960 6.1378401899e+00
38.980 6.1285841604e+00
39.000 6.1193465077e+00
39.020 6.1101271866e+00
39.040 6.1009261520e+00
39.060 6.0917433590e+00
39.080 6.0825787629e+00
39.100 6.0734323190e+00
39.120 6.0643039827e+00
39.140 6.0551937097e+00
39.160 6.0461014557e+00
39.180 6.0370271766e+00
39.200 6.0279708284e+00
39.220 6.0189323672e+00
39.240 6.0099117492e+00
39.260 6.0009089309e+00
39.280 5.9919238688e+00
39.300 5.9829565195e+00
39.320 5.9740068398e+00
39.340 5.9650747864e+00
39.360 5.9561603166e+00
39.380 5.9472633873e+00
39.400 5.9383839560e+00
39.420 5.9295219798e+00
39.440 5.9206774164e+00
39.460 5.9118502235e+00
39.480 5.9030403586e+00
39.500 5.8942477799e+00
39.520 5.8854724451e+00
39.540 5.8767143125e+00
39.560 5.8679733403e+00
39.580 5.8592494869e+00
39.600 5.8505427107e+00
39.620 5.8418529704e+00
39.640 5.8331802246e+00
39.660 5.8245244323e+00
39.680 5.8158855524e+00
39.700 5.8072635439e+00
39.720 5.7986583662e+00
39.740 5.7900699784e+00
39.760 5.7814983400e+00
39.780 5.7729434106e+00
39.800 5.7644051498e+00
39.820 5.7558835175e+00
39.840 5.7473784735e+00
39.860 5.7388899778e+00
39.880 5.7304179906e+00
39.900 5.7219624721e+00
39.920 5.7135233827e+00
39.940 5.7051006828e+00
39.960 5.6966943331e+00
39.980 5.6883042942e+00
40.000 5.6799305269e+00
40.020 5.6715729921e+00
40.040 5.6632316510e+00
40.060 5.6549064646e+00
40.080 5.6465973942e+00
40.100 5.6383044011e+00
40.120 5.6300274469e+00
40.140 5.6217664932e+00
40.160 5.6135215015e+00
40.180 5.6052924338e+00
40.200 5.5970792519e+00
40.220 5.5888819180e+00
40.240 5.5807003940e+00
40.260 5.5725346423e+00
40.280 5.5643846252e+00
40.300 5.5562503051e+00
40.320 5.5481316447e+00
40.340 5.5400286065e+00
40.360 5.5319411534e+00
40.380 5.5238692482e+00
40.400 5.5158128540e+00
40.420 5.5077719338e+00
40.440 5.4997464508e+00
40.460 5.4917363683e+00
40.480 5.4837416497e+00
40.500 5.4757622586e+00
40.520 5.4677981585e+00
40.540 5.4598493131e+00
40.560 5.4519156863e+00
40.580 5.4439972420e+00
40.600 5.4360939442e+00
40.620 5.4282057570e+00
40.640 5.4203326447e+00
40.660 5.4124745716e+00
40.680 5.4046315020e+00
40.700 5.3968034006e+00
40.720 5.3889902319e+00
40.740 5.3811919607e+00
40.760 5.3734085518e+00
40.780 5.3656399701e+00
40.800 5.3578861807e+00
40.820 5.3501471487e+00
40.840 5.3424228392e+00
40.860 5.3347132176e+00
40.880 5.3270182493e+00
40.900 5.3193378999e+00
40.920 5.3116721349e+00
40.940 5.3040209201e+00
40.960 5.2963842211e+00
40.980 5.2887620040e+00
41.000 5.2811542348e+00
41.020 5.2735608794e+00
41.040 5.2659819041e+00
41.060 5.2584172752e+00
41.080 5.2508669591e+00
41.100 5.2433309221e+00
41.120 5.2358091309e+00
41.140 5.2283015521e+00
41.160 5.2208081525e+00
41.180 5.2133288988e+00
41.200 5.2058637581e+00
41.220 5.1984126973e+00
41.240 5.1909756836e+00
41.260 5.1835526841e+00
41.280 5.1761436662e+00
41.300 5.1687485973e+00
41.320 5.1613674447e+00
41.340 5.1540001762e+00
41.360 5.1466467593e+00
41.380 5.1393071618e+00
41.400 5.1319813515e+00
41.420 5.1246692964e+00
41.440 5.1173709644e+00
41.460 5.1100863238e+00
41.480 5.1028153426e+00
41.500 5.0955579892e+00
41.520 5.0883142319e+00
41.540 5.0810840391e+00
41.560 5.0738673795e+00
41.580 5.0666642217e+00
41.600 5.0594745343e+00
41.620 5.0522982862e+00
41.640 5.0451354462e+00
41.660 5.0379859834e+00
41.680 5.0308498668e+00
41.700 5.0237270655e+00
41.720 5.0166175488e+00
41.740 5.0095212860e+00
41.760 5.0024382465e+00
41.780 4.9953683998e+00
41.800 4.9883117154e+00
41.820 4.9812681630e+00
41.840 4.9742377123e+00
41.860 4.9672203332e+00
41.880 4.9602159956e+00
41.900 4.9532246694e+00
41.920 4.9462463246e+00
41.940 4.9392809316e+00
41.960 4.9323284604e+00
41.980 4.9253888814e+00
42.000 4.9184621650e+00
42.020 4.9115482817e+00
42.040 4.9046472019e+00
42.060 4.8977588965e+00
42.080 4.8908833360e+00
42.100 4.8840204912e+00
42.120 4.8771703331e+00
42.140 4.8703328326e+00
42.160 4.8635079607e+00
42.180 4.8566956886e+00
42.200 4.8498959874e+00
42.220 4.8431088284e+00
42.240 4.8363341830e+00
42.260 4.8295720225e+00
42.280 4.8228223186e+00
42.300 4.8160850427e+00
42.320 4.8093601665e+00
42.340 4.8026476618e+00
42.360 4.7959475003e+00
42.380 4.7892596541e+00
42.400 4.7825840949e+00
42.420 4.7759207950e+00
42.440 4.7692697263e+00
42.460 4.7626308611e+00
42.480 4.7560041717e+00
42.500 4.7493896304e+00
42.520 4.7427872096e+00
42.540 4.7361968818e+00
42.560 4.7296186196e+00
42.580 4.7230523956e+00
42.600 4.7164981826e+00
42.620 4.7099559533e+00
42.640 4.7034256806e+00
42.660 4.6969073374e+00
42.680 4.6904008967e+00
42.700 4.6839063317e+00
42.720 4.6774236154e+00
42.740 4.6709527211e+00
42.760 4.6644936222e+00
42.780 4.6580462919e+00
42.800 4.6516107037e+00
42.820 4.6451868312e+00
42.840 4.6387746479e+00
42.860 4.6323741274e+00
42.880 4.6259852436e+00
42.900 4.6196079701e+00
42.920 4.6132422809e+00
42.940 4.6068881500e+00
42.960 4.6005455512e+00
42.980 4.5942144587e+00
43.000 4.5878948466e+00
43.020 4.5815866892e+00
43.040 4.5752899608e+00
43.060 4.5690046356e+00
43.080 4.5627306882e+00
43.100 4.5564680929e+00
43.120 4.5502168244e+00
43.140 4.5439768574e+00
43.160 4.5377481664e+00
43.180 4.5315307262e+00
43.200 4.5253245117e+00
43.220 4.5191294978e+00
43.240 4.5129456595e+00
43.260 4.5067729717e+00
43.280 4.5006114096e+00
43.300 4.4944609483e+00
43.320 4.4883215631e+00
43.340 4.4821932293e+00
43.360 4.4760759221e+00
43.380 4.4699696171e+00
43.400 4.4638742898e+00
43.420 4.4577899156e+00
43.440 4.4517164703e+00
43.460 4.4456539294e+00
43.480 4.4396022689e+00
43.500 4.4335614643e+00
43.520 4.4275314918e+00
43.540 4.4215123271e+00
43.560 4.4155039463e+00
43.580 4.4095063255e+00
43.600 4.4035194408e+00
43.620 4.3975432683e+00
43.640 4.3915777845e+00
43.660 4.3856229655e+00
43.680 4.3796787878e+00
43.700 4.3737452278e+00
43.720 4.3678222620e+00
43.740 4.3619098670e+00
43.760 4.3560080195e+00
43.780 4.3501166960e+00
43.800 4.3442358735e+00
43.820 4.3383655286e+00
43.840 4.3325056383e+00
43.860 4.3266561795e+00
43.880 4.3208171292e+00
43.900 4.3149884645e+00
43.920 4.3091701625e+00
43.940 4.3033622004e+00
43.960 4.2975645553e+00
43.980 4.2917772047e+00
44.000 4.2860001258e+00
44.020 4.2802332962e+00
44.040 4.2744766932e+00
44.060 4.2687302944e+00
44.080 4.2629940774e+00
44.100 4.2572680199e+00
44.120 4.2515520995e+00
44.140 4.2458462941e+00
44.160 4.2401505814e+00
44.180 4.2344649394e+00
44.200 4.2287893460e+00
44.220 4.2231237792e+00
44.240 4.2174682170e+00
44.260 4.2118226377e+00
44.280 4.2061870193e+00
44.300 4.2005613401e+00
44.320 4.1949455783e+00
44.340 4.1893397124e+00
44.360 4.1837437207e+00
44.380 4.1781575816e+00
44.400 4.1725812738e+00
44.420 4.1670147757e+00
44.440 4.1614580660e+00
44.460 4.1559111233e+00
44.480 4.1503739265e+00
44.500 4.1448464542e+00
44.520 4.1393286854e+00
44.540 4.1338205989e+00
44.560 4.1283221737e+00
44.580 4.1228333887e+00
44.600 4.1173542232e+00
44.620 4.1118846561e+00
44.640 4.1064246667e+00
44.660 4.1009742342e+00
44.680 4.0955333378e+00
44.700 4.0901019569e+00
44.720 4.0846800708e+00
44.740 4.0792676591e+00
44.760 4.0738647013e+00
44.780 4.0684711767e+00
44.800 4.0630870651e+00
44.820 4.0577123462e+00
44.840 4.0523469995e+00
44.860 4.0469910049e+00
44.880 4.0416443422e+00
44.900 4.0363069912e+00
44.920 4.0309789318e+00
44.940 4.0256601441e+00
44.960 4.0203506080e+00
44.980 4.0150503035e+00
45.000 4.0097592109e+00
45.020 4.0044773103e+00
45.040 3.9992045818e+00
45.060 3.9939410058e+00
45.080 3.9886865627e+00
45.100 3.9834412326e+00
45.120 3.9782049962e+00
45.140 3.9729778337e+00
45.160 3.9677597259e+00
45.180 3.9625506532e+00
45.200 3.9573505963e+00
45.220 3.9521595358e+00
45.240 3.9469774525e+00
45.260 3.9418043271e+00
45.280 3.9366401404e+00
45.300 3.9314848733e+00
45.320 3.9263385068e+00
45.340 3.9212010218e+00
45.360 3.9160723992e+00
45.380 3.9109526203e+00
45.400 3.9058416660e+00
45.420 3.9007395175e+00
45.440 3.8956461561e+00
45.460 3.8905615630e+00
45.480 3.8854857195e+00
45.500 3.8804186069e+00
45.520 3.8753602067e+00
45.540 3.8703105002e+00
45.560 3.8652694690e+00
45.580 3.8602370947e+00
45.600 3.8552133587e+00
45.620 3.8501982428e+00
45.640 3.8451917286e+00
45.660 3.8401937978e+00
45.680 3.8352044322e+00
45.700 3.8302236136e+00
45.720 3.8252513240e+00
45.740 3.8202875451e+00
45.760 3.8153322589e+00
45.780 3.8103854475e+00
45.800 3.8054470929e+00
45.820 3.8005171772e+00
45.840 3.7955956825e+00
45.860 3.7906825909e+00
45.880 3.7857778849e+00
45.900 3.7808815465e+00
45.920 3.7759935581e+00
45.940 3.7711139021e+00
45.960 3.7662425608e+00
45.980 3.7613795168e+00
46.000 3.7565247525e+00
46.020 3.7516782505e+00
46.040 3.7468399933e+00
46.060 3.7420099635e+00
46.080 3.7371881439e+00
46.100 3.7323745171e+00
46.120 3.7275690659e+00
46.140 3.7227717731e+00
46.160 3.7179826216e+00
46.180 3.7132015941e+00
46.200 3.7084286737e+00
46.220 3.7036638433e+00
46.240 3.6989070860e+00
46.260 3.6941583847e+00
46.280 3.6894177226e+00
46.300 3.6846850829e+00
46.320 3.6799604486e+00
46.340 3.6752438031e+00
46.360 3.6705351296e+00
46.380 3.6658344113e+00
46.400 3.6611416318e+00
46.420 3.6564567742e+00
46.440 3.6517798222e+00
46.460 3.6471107591e+00
46.480 3.6424495685e+00
46.500 3.6377962338e+00
46.520 3.6331507389e+00
46.540 3.6285130671e+00
46.560 3.6238832023e+00
46.580 3.6192611282e+00
46.600 3.6146468284e+00
46.620 3.6100402869e+00
46.640 3.6054414874e+00
46.660 3.6008504139e+00
46.680 3.5962670502e+00
46.700 3.5916913804e+00
46.720 3.5871233883e+00
46.740 3.5825630581e+00
46.760 3.5780103739e+00
46.780 3.5734653197e+00
46.800 3.5689278797e+00
46.820 3.5643980381e+00
46.840 3.5598757791e+00
46.860 3.5553610871e+00
46.880 3.5508539463e+00
46.900 3.5463543411e+00
46.920 3.5418622559e+00
46.940 3.5373776750e+00
46.960 3.5329005831e+00
46.980 3.5284309645e+00
47.000 3.5239688039e+00
47.020 3.5195140858e+00
47.040 3.5150667948e+00
47.060 3.5106269156e+00
47.080 3.5061944329e+00
47.100 3.5017693314e+00
47.120 3.4973515959e+00
47.140 3.4929412112e+00
47.160 3.4885381622e+00
47.180 3.4841424337e+00
47.200 3.4797540106e+00
47.220 3.4753728780e+00
47.240 3.4709990207e+00
47.260 3.4666324240e+00
47.280 3.4622730727e+00
47.300 3.4579209520e+00
47.320 3.4535760471e+00
47.340 3.4492383431e+00
47.360 3.4449078253e+00
47.380 3.4405844789e+00
47.400 3.4362682892e+00
47.420 3.4319592414e+00
47.440 3.4276573211e+00
47.460 3.4233625135e+00
47.480 3.4190748041e+00
47.500 3.4147941783e+00
47.520 3.4105206217e+00
47.540 3.4062541198e+00
47.560 3.4019946582e+00
47.580 3.3977422224e+00
47.600 3.3934967982e+00
47.620 3.3892583711e+00
47.640 3.3850269270e+00
47.660 3.3808024515e+00
47.680 3.3765849304e+00
47.700 3.3723743496e+00
47.720 3.3681706949e+00
47.740 3.3639739521e+00
47.760 3.3597841073e+00
47.780 3.3556011463e+00
47.800 3.3514250551e+00
47.820 3.3472558199e+00
47.840 3.3430934265e+00
47.860 3.3389378611e+00
47.880 3.3347891099e+00
47.900 3.3306471590e+00
47.920 3.3265119945e+00
47.940 3.3223836027e+00
47.960 3.3182619699e+00
47.980 3.3141470824e+00
48.000 3.3100389264e+00
48.020 3.3059374883e+00
48.040 3.3018427545e+00
48.060 3.2977547115e+00
48.080 3.2936733457e+00
48.100 3.2895986435e+00
48.120 3.2855305916e+00
48.140 3.2814691764e+00
48.160 3.2774143845e+00
48.180 3.2733662026e+00
48.200 3.2693246173e+00
48.220 3.2652896152e+00
48.240 3.2612611832e+00
48.260 3.2572393079e+00
48.280 3.2532239761e+00
48.300 3.2492151747e+00
48.320 3.2452128904e+00
48.340 3.2412171102e+00
48.360 3.2372278209e+00
48.380 3.2332450095e+00
48.400 3.2292686629e+00
48.420 3.2252987682e+00
48.440 3.2213353124e+00
48.460 3.2173782825e+00
48.480 3.2134276657e+00
48.500 3.2094834489e+00
48.520 3.2055456195e+00
48.540 3.2016141646e+00
48.560 3.1976890714e+00
48.580 3.1937703271e+00
48.600 3.1898579191e+00
48.620 3.1859518346e+00
48.640 3.1820520609e+00
48.660 3.1781585855e+00
48.680 3.1742713957e+00
48.700 3.1703904790e+00
48.720 3.1665158228e+00
48.740 3.1626474146e+00
48.760 3.1587852418e+00
48.780 3.1549292922e+00
48.800 3.1510795532e+00
48.820 3.1472360124e+00
48.840 3.1433986575e+00
48.860 3.1395674762e+00
48.880 3.1357424561e+00
48.900 3.1319235849e+00
48.920 3.1281108505e+00
48.940 3.1243042405e+00
48.960 3.1205037429e+00
48.980 3.1167093453e+00
49.000 3.1129210358e+00
49.020 3.1091388022e+00
49.040 3.1053626325e+00
49.060 3.1015925145e+00
49.080 3.0978284363e+00
49.100 3.0940703858e+00
49.120 3.0903183512e+00
49.140 3.0865723204e+00
49.160 3.0828322817e+00
49.180 3.0790982230e+00
49.200 3.0753701326e+00
49.220 3.0716479986e+00
49.240 3.0679318093e+00
49.260 3.0642215528e+00
49.280 3.0605172175e+00
49.300 3.0568187917e+00
49.320 3.0531262635e+00
49.340 3.0494396215e+00
49.360 3.0457588540e+00
49.380 3.0420839493e+00
49.400 3.0384148959e+00
49.420 3.0347516823e+00
49.440 3.0310942969e+00
49.460 3.0274427283e+00
49.480 3.0237969649e+00
49.500 3.0201569954e+00
49.520 3.0165228084e+00
49.540 3.0128943924e+00
49.560 3.0092717361e+00
49.580 3.0056548281e+00
49.600 3.0020436573e+00
49.620 2.9984382122e+00
49.640 2.9948384817e+00
49.660 2.9912444545e+00
49.680 2.9876561194e+00
49.700 2.9840734653e+00
49.720 2.9804964810e+00
49.740 2.9769251553e+00
49.760 2.9733594773e+00
49.780 2.9697994358e+00
49.800 2.9662450198e+00
49.820 2.9626962183e+00
49.840 2.9591530202e+00
49.860 2.9556154146e+00
49.880 2.9520833907e+00
49.900 2.9485569374e+00
49.920 2.9450360439e+00
49.940 2.9415206993e+00
49.960 2.9380108928e+00
49.980 2.9345066135e+00
