2571 2579 2571 2629
2630 2643 2630 2649
2650 2657 2650 2673
2674 2681 2674 2930
2931 2974 2931 3056
3057 3077 3057 3129
3130 3136 3130 3272
3273 3280 3273 3280 3273-3275, 3277-3280
3281 3292 3281 3432
3433 3460 3433 3645
3646 3662 3646 3687
3688 3708 3688 3982
3983 4003 3983 4134
4135 4170 4135 4520
4521 4546 4520 4831
4832 4853 4832 4907
4908 4937 4908 4981
4982 5006 4982 5061
5062 5089 5062 5252
5253 5276 5253 5330
5331 5368 5331 5414
5415 5448 5415 5501
5502 5524 5502 5850
5851 5871 5851 5910
5911 5921 5911 5993
5994 6014 5994 6168
6169 6189 6169 6317
6318 6330 6318 6352
6353 6365 6353 6544
6545 6552 6545 6577
6578 6598 6578 6753
6754 6774 6754 6853
6854 6886 6854 6903
6904 6925 6904 7274
7275 7295 7275 7614
0

9407 9420 9407 9452
9453 9467 9453 9496 9453-9454,9456-9467
9497 9504 9497 9520
9521 9535 9521 9698
9699 9707 9699 9737
9738 9758 9738 9787
9788 9811 9788 9937
9938 9950 9938 9997
9998 10014 9998 10038
10039 10059 10039 10092
10093 10112 10093 10239
10240 10260 10240 10357
10358 10368 10358 10401
10402 10420 10402 10496
10497 10505 10497 10528
10529 10545 10529 10720
10721 10735 10721 10766
10767 10783 10767 10809
10810 10824 10810 10846
10847 10861 10847 10942
10943 10956 10943 10982
10983 10996 10983 11028
11029 11042 11029 11067
11068 11081 11068 11214
11215 11223 11215 11306
11307 11321 11307 11339
11340 11347 11340 11488
11489 11496 11489 11506
11507 11527 11507 11798
11799 11808 11799 12501
12502 12509 12502 12626
12627 12634 12627 12655
12656 12662 12656 12725
12726 12733 12726 12799
12800 12808 12800 12863
12864 12873 12864 12885
12886 12910 12886 12968
12969 12998 12969 13057
13058 13064 13058 13138
13139 13146 13139 13352
13353 13360 13353 13384
13385 13392 13385 13419
13420 13427 13420 13549
13550 13556 13550 13689
13690 13697 13690 13705
13706 13713 13706 13739
13740 13747 13740 13772
13773 13780 13773 13904
13905 13912 13905 13953
13954 13965 13954 13986
13987 13994 13987 14092
14093 14100 14093 14148
14149 14156 14149 14179
14180 14188 14180 14273
14274 14282 14274 14316
14317 14325 14317 14375
14376 14384 14376 14502
1

14699 14706 14699 14854
14855 14861 14855 14926
14927 14933 14927 15053
15054 15060 15054 15247
15248 15254 15248 15329
15330 15336 15330 15489
15490 15506 15490 15626
15627 15632 15627 15706
15707 15713 15707 15788
15789 15795 15789 15844
15845 15858 15845 15892
2

16836 16854 16797 16910
16911 16929 16911 17016
17017 17033 17017 17182
17183 17203 17183 17422
17423 17441 17423 17520
17521 17529 17521 17687
17688 17696 17688 17956
17957 17965 17957 18327
18328 18345 18328 18589
3

60000791 60000800 60000791 60001013
60001014 60001028 60001014 60001147
60001148 60001161 60001148 60001206
60001207 60001237 60001207 60001351
60001352 60001365 60001352 60001441
60001446 60001461 60001446 60001507
60001508 60001521 60001508 60001577
60001578 60001592 60001578 60001719
60001720 60001732 60001720 60001854
60001855 60001868 60001855 60001913
60001914 60001926 60001914 60002394
4

18712 18732 18623 19093
19094 19109 19094 19242
19243 19258 19243 19519
19520 19542 19520 19750
19751 19761 19751 20041
20042 20056 20042 20200
20201 20216 20201 20446
20447 20464 20447 21179
21180 21193 21180 21436
21437 21451 21437 21801
21802 21817 21802 21969
21970 21998 21970 22281
22282 22292 22282 22512
22513 22566 22513 22853
22854 22865 22854 23481
23482 23496 23482 23886
23887 23928 23883 23958 23887,23889,23891-23907,23909-23928
5-m1

18746 18759 18623 19054 18746-18750,18753-18757,18759
19055 19069 19055 19585
19586 19597 19586 19761
19762 19769 19762 20064
20065 20072 20065 20465
20466 20481 20466 20555
20556 20583 20556 21202 20556-20560,20562-20563,20565-20569,20571-20572,20574-20578,20580-20581,20583
21203 21214 21203 21453
21454 21467 21454 21818
21819 21831 21819 22293
22294 22302 22294 22567
22568 22635 22568 22841
22842 22851 22842 23498
23498 23509 23482 23958
5-m2