578 9422 9440 13306 13311
580 9422 9440 11145 11175
582 9422 9440
592 11403 11410 11414 11451 11453 11483
594 9422 9440 9471 9492 9536 9565 9638 9668 9674 9678 9711 9727 9763 9780 9815 9854 9856 9912 9928 9928 10312 10342 11403 11410 11414 11451 11453 11483
600 10173 10203 11176 11200 11403 11410
626 9638 9668
648 12675 12675
672 12607 12622 12623 12625 12636 12647 12652 12653 12664 12674 12675 12675 12677 12724 13186 13189 13191 13211 13212 13242 13243 13275 13276 13287
692 9422 9440 9471 9492 9536 9565 9638 9668 9674 9678 9711 9727 9763 9780 9815 9854 9856 9912 9928 9928 9952 9966 10019 10035 10074 10090 10114 10125 10129 10149 10150 10171 10173 10203 10204 10231 10262 10308 10312 10342 10344 10350 10378 10394 10552 10558 10608 10638 10639 10648 10651 10677 10679 10717 10745 10761 10788 10803 10830 10845 10963 10976 11002 11019 11046 11066 11083 11113 11114 11144 11145 11175 11176 11200 11403 11410 11414 11451 11453 11483 12521 12550 12551 12580 12607 12622 12623 12625 12636 12647 12652 12653 12664 12674 12675 12675 12677 12724 12736 12765 12766 12798 12816 12836 12837 12838 12842 12849 12850 12861 12875 12875 13000 13028 13029 13053 13055 13056 13066 13070 13076 13092 13094 13096 13100 13115 13117 13119 13123 13137 13148 13149 13150 13156 13186 13189 13191 13211 13212 13242 13243 13275 13276 13287 13306 13311 13313 13325 13326 13350 13362 13368 13369 13383 13396 13411 13519 13548 13699 13704 13715 13719 14010 14041 14342 14372 14386 14387
