1106 60000802 60000821 60000823 60000823 60000827 60000828 60000830 60000830 60000970 60000991 60000992 60001000 60001001 60001009
1136 60000802 60000821 60000823 60000823 60000827 60000828 60000830 60000830 60000970 60000991 60000992 60001000 60001001 60001009 60001010 60001010 60001033 60001062 60001063 60001086 60001094 60001124 60001125 60001125 60001163 60001178 60001179 60001181 60001183 60001183 60001184 60001185 60001187 60001205 60001309 60001319 60001380 60001382 60001384 60001414 60001415 60001441 60001491 60001506 60001625 60001655 60001656 60001686 60001687 60001714
1144 60000802 60000821 60000823 60000823 60000827 60000828 60000830 60000830 60000970 60000991 60000992 60001000 60001001 60001009 60001010 60001010 60001033 60001062 60001063 60001086 60001088 60001093 60001094 60001124 60001125 60001125 60001163 60001178 60001179 60001181 60001183 60001183 60001184 60001185 60001187 60001205 60001309 60001319 60001331 60001350 60001380 60001382 60001384 60001414 60001415 60001441 60001463 60001489 60001523 60001542 60001597 60001624
1170 60000802 60000821 60000823 60000823 60000827 60000828 60000830 60000830 60000970 60000991 60000992 60001000 60001001 60001009
1172 60000802 60000821 60000823 60000823 60000827 60000828 60000830 60000830 60000992 60001000 60001001 60001009
1174 60000802 60000821 60000823 60000823 60000827 60000828 60000830 60000830 60000970 60000991 60000992 60001000 60001001 60001009 60001010 60001010 60001033 60001062 60001063 60001086 60001088 60001093 60001094 60001124 60001125 60001125 60001163 60001178 60001179 60001181 60001183 60001183 60001184 60001185 60001187 60001205 60001309 60001319 60001331 60001350 60001380 60001382 60001384 60001414 60001415 60001441 60001463 60001489 60001491 60001506 60001523 60001542 60001597 60001624 60001625 60001655 60001656 60001686 60001687 60001714
1176 60000823 60000823 60000827 60000828 60000830 60000830 60000992 60001000 60001001 60001009
1204 60000802 60000821 60000823 60000823 60000827 60000828 60000830 60000830 60000970 60000991 60000992 60001000 60001001 60001009 60001010 60001010 60001033 60001062 60001063 60001086 60001088 60001093 60001094 60001124 60001125 60001125 60001163 60001178 60001179 60001181 60001183 60001183 60001184 60001185 60001187 60001205 60001309 60001319 60001331 60001350 60001380 60001382 60001384 60001414 60001415 60001441 60001463 60001489 60001491 60001506 60001523 60001542 60001597 60001624 60001625 60001655 60001656 60001686 60001687 60001714
1232 60000802 60000821 60000823 60000823 60000827 60000828 60000830 60000830 60000970 60000991 60000992 60001000 60001001 60001009 60001010 60001010 60001033 60001062 60001063 60001086 60001088 60001093 60001094 60001124 60001125 60001125 60001163 60001178 60001179 60001181 60001183 60001183 60001184 60001185 60001187 60001205 60001309 60001319 60001331 60001350 60001380 60001382 60001384 60001414 60001415 60001441 60001463 60001489 60001491 60001506 60001523 60001542 60001597 60001624 60001625 60001655 60001656 60001686 60001687 60001714
1236 60000802 60000821 60000823 60000823 60000827 60000828 60000830 60000830 60000970 60000991 60000992 60001000 60001001 60001009
1296 60000802 60000821 60000823 60000823 60000827 60000828 60000830 60000830 60000970 60000991 60000992 60001000 60001001 60001009 60001010 60001010 60001033 60001062 60001063 60001086 60001088 60001093 60001094 60001124 60001125 60001125 60001163 60001178 60001179 60001181 60001183 60001183 60001184 60001185 60001187 60001205 60001309 60001319 60001331 60001350 60001380 60001382 60001384 60001414 60001415 60001441 60001463 60001489 60001491 60001506 60001523 60001542 60001597 60001624 60001625 60001655 60001656 60001686 60001687 60001714
1298 60000802 60000821 60000823 60000823 60000827 60000828 60000830 60000830 60000992 60001000 60001001 60001009
1330 60000802 60000821 60000823 60000823 60000827 60000828 60000830 60000830 60000970 60000991 60000992 60001000 60001001 60001009
1332 60000823 60000823 60000827 60000828 60000830 60000830 60000992 60001000 60001001 60001009
