576 2580 2580 4313 4336
592 2580 2580
594 2580 2580 3561 3610 5007 5038
598 2580 2580
600 2580 2580 3197 3226 3501 3530 4239 4268 4270 4283 4285 4311 4313 4336 4338 4361 4363 4382 4384 4401 4403 4427 4436 4454 4491 4493 4854 4872 4962 4980 5040 5061 5555 5589 5591 5608 5610 5639 5796 5822 5826 5850 5889 5895
608 2580 2580
610 2580 2580
624 2580 2580 2614 2629 3341 3370 3501 3530 3531 3560 3561 3610 3611 3644 4034 4074 4075 4104 4105 4133 4239 4268 4270 4283 4285 4311 4313 4336 4338 4361 4363 4382 4384 4401 4403 4427 4436 4454 4457 4489 4491 4493 4573 4590
626 2580 2580 4270 4283 4285 4311
640 2580 2580
642 2580 2580 4285 4311
644 2580 2580 4436 4454 4491 4493
646 2580 2580 2689 2715 4034 4074 4313 4336
656 2580 2580 5640 5669
662 2580 2580 3167 3196 4491 4493 5889 5895
664 2580 2580 4270 4283 4491 4493
674 2580 2580 5889 5895
688 2580 2580 4239 4268 4270 4283 4285 4311 4313 4336 4338 4361 4363 4382 4384 4401 4403 4427 5889 5895
690 2580 2580 4239 4268 4270 4283 4285 4311 4313 4336 4338 4361 4363 4382 4384 4401 4403 4427 5889 5895
692 2580 2580 2582 2612 2614 2629 2644 2649 2658 2673 2689 2715 2717 2750 2751 2784 2785 2820 2821 2855 2856 2890 2891 2920 3137 3166 3167 3196 3197 3226 3227 3256 3257 3271 3293 3310 3311 3340 3341 3370 3371 3400 3401 3432 3461 3500 3501 3530 3531 3560 3561 3610 3611 3644 4034 4074 4075 4104 4105 4133 4239 4268 4270 4283 4285 4311 4313 4336 4338 4361 4363 4382 4384 4401 4403 4427 4436 4454 4457 4489 4491 4493 4573 4590 4591 4624 4625 4654 4655 4684 4685 4714 4715 4744 4745 4777 4789 4831 4854 4872 4874 4907 4938 4959 4962 4980 5007 5038 5040 5061 5090 5117 5125 5154 5155 5184 5185 5224 5225 5251 5277 5300 5301 5330 5372 5414 5449 5479 5480 5501 5525 5534 5555 5589 5591 5608 5610 5639 5640 5669 5670 5699 5701 5729 5730 5764 5766 5795 5796 5822 5826 5850 5889 5895 6553 6577 6775 6775 6776 6809 6811 6830 6834 6853 6887 6903 6957 6963
696 2580 2580 4239 4268 4270 4283 4285 4311 4338 4361 4363 4382 4384 4401 4403 4427 5889 5895
