614 22400 22428 22430 22463 22464 22488 22490 22512 22636 22650 22652 22674 22678 22711 22712 22742 22744 22750 22753 22755 22760 22777 22814 22815 22817 22817 22818 22853 22867 22867 22876 22902 22903 22909 22910 22943 22944 22946 22952 22954 22959 22986 22993 22996 23085 23101 23111 23144 23218 23232 23246 23262 23282 23306 23308 23334 23338 23370 23372 23405 23440 23462 23469 23480 23511 23513 23520 23542 23548 23548 23619 23642 23704 23721 23725 23758 23869 23881 23939 23940 23942 23958
626 22760 22777
632 22652 22674 22678 22711 22712 22742 22744 22750
672 22400 22428 22430 22463 22464 22488 22490 22512
688 23548 23548
692 22400 22428 22430 22463 22464 22488 22490 22512 22636 22650 22652 22674 22678 22711 22712 22742 22744 22750 22753 22755 22760 22777 22814 22815 22817 22817 22818 22853 22867 22867 22876 22902 22903 22909 22910 22943 22944 22946 22952 22954 22959 22986 22993 22996 23085 23101 23111 23144 23145 23212 23218 23232 23246 23262 23282 23306 23308 23334 23338 23370 23372 23405 23406 23433 23440 23462 23469 23480 23511 23513 23520 23542 23548 23548 23551 23584 23585 23618 23619 23642 23645 23690 23704 23721 23725 23758 23759 23792 23793 23826 23827 23867 23869 23881 23939 23940 23942 23958
1124 22400 22428 22430 22463 22464 22488 22490 22512 22636 22650 22652 22674 22678 22711 22712 22742 22744 22750 22753 22755 22760 22777 22814 22815 22817 22817 22818 22840 22853 22867 22876 22902 22903 22909 22910 22943 22944 22946 22952 22954 22959 22986 22993 22996 23085 23101 23111 23144 23145 23212 23218 23232 23246 23262 23282 23306 23308 23334 23338 23370 23372 23405 23406 23433 23440 23462 23469 23480 23511 23513 23520 23542 23548 23548 23551 23584 23585 23618 23619 23642 23645 23690 23704 23721 23725 23758 23759 23792 23793 23826 23827 23867 23869 23881 23939 23940 23942 23958
1174 22400 22428 22430 22463 22464 22488 22490 22512 22636 22650 22652 22674 22678 22711 22712 22742 22744 22750 22753 22755 22760 22777 22814 22815 22817 22817 22818 22840 22853 22867 22876 22902 22903 22909 22910 22943 22944 22946 22952 22954 22959 22986 22993 22996 23085 23101 23111 23144 23145 23212 23218 23232 23246 23262 23282 23306 23308 23334 23338 23370 23372 23405 23406 23433 23440 23462 23469 23480 23511 23513 23520 23542 23548 23548 23551 23584 23585 23618 23619 23642 23645 23690 23704 23721 23725 23758 23759 23792 23793 23826 23827 23867 23869 23881 23939 23940 23942 23958
1176 22760 22777
1204 22400 22428 22430 22463 22464 22488 22490 22512 22636 22650 22652 22674 22678 22711 22712 22742 22744 22750 22753 22755 22760 22777 22814 22815 22817 22817 22818 22840 22853 22867 22876 22902 22903 22909 22910 22943 22944 22946 22952 22954 22959 22986 22993 22996 23085 23101 23111 23144 23145 23212 23218 23232 23246 23262 23282 23306 23308 23334 23338 23370 23372 23405 23406 23433 23440 23462 23469 23480 23511 23513 23520 23542 23548 23548 23551 23584 23585 23618 23619 23642 23645 23690 23704 23721 23725 23758 23759 23792 23793 23826 23827 23867 23869 23881 23939 23940 23942 23958
1208 22400 22428 22464 22488 22490 22512 22636 22650 22652 22674 22678 22711 22712 22742 22744 22750 22753 22755 22760 22777 22814 22815 22817 22817 22818 22840 22853 22867 22876 22902 22903 22909 22910 22943 22944 22946 22952 22954 22959 22986 22993 22996 23085 23101 23111 23144 23145 23212 23218 23232 23246 23262 23282 23306 23308 23334 23338 23370 23372 23405 23406 23433 23440 23462 23469 23480 23511 23513 23520 23542 23548 23548 23585 23618 23619 23642 23645 23690 23704 23721 23759 23792 23827 23867 23869 23881 23939 23940 23942 23958
1232 22400 22428 22430 22463 22464 22488 22490 22512 22636 22650 22652 22674 22678 22711 22712 22742 22744 22750 22753 22755 22760 22777 22814 22815 22817 22817 22818 22840 22853 22867 22876 22902 22903 22909 22910 22943 22944 22946 22952 22954 22959 22986 22993 22996 23085 23101 23111 23144 23145 23212 23218 23232 23246 23262 23282 23306 23308 23334 23338 23370 23372 23405 23406 23433 23440 23462 23469 23480 23511 23513 23520 23542 23548 23548 23551 23584 23585 23618 23619 23642 23645 23690 23704 23721 23725 23758 23759 23792 23793 23826 23827 23867 23869 23881 23939 23940 23942 23958
1332 22400 22428 22430 22463 22464 22488 22490 22512 22636 22650 22652 22674 22678 22711 22712 22742 22744 22750 22753 22755 22760 22777 22814 22815 22817 22817 22818 22840 22853 22867 22876 22902 22903 22909 22910 22943 22944 22946 22952 22954 22959 22986 22993 22996 23085 23101 23111 23144 23145 23212 23218 23232 23246 23262 23282 23306 23308 23334 23338 23370 23372 23405 23406 23433 23440 23462 23469 23480 23511 23513 23520 23542 23548 23548 23551 23584 23585 23618 23619 23642 23645 23690 23704 23721 23725 23758 23759 23792 23793 23826 23827 23867 23869 23881 23939 23940 23942 23958
