614 23975 24006 24122 24122 24334 24471 24621 24759 24803 24819 24934 24966 25224 25246 25277 25279 25281 25288 25389 25415 25416 25421 25477 25477 25560 25592
672 24122 24122
692 23975 24006 24122 24122 24129 24302 24334 24471 24621 24759 24803 24819 24934 24966 25224 25246 25277 25279 25281 25288 25389 25415 25416 25421 25477 25477 25560 25592
1124 23975 24006 24122 24122 24129 24302 24334 24471 24621 24759 24803 24819 24934 24966 25224 25246 25277 25279 25281 25288 25389 25415 25416 25421 25477 25477 25560 25592
1174 23975 24006 24122 24122 24129 24302 24334 24471 24621 24759 24803 24819 24934 24966 25224 25246 25277 25279 25281 25288 25389 25415 25416 25421 25477 25477 25560 25592
1204 23975 24006 24122 24122 24129 24302 24334 24471 24621 24759 24803 24819 24934 24966 25224 25246 25277 25279 25281 25288 25389 25415 25416 25421 25477 25477 25560 25592
1208 23975 24006 24122 24122 24334 24471 24621 24759 24803 24819 24934 24966
1232 23975 24006 24122 24122 24129 24302 24334 24471 24621 24759 24803 24819 24934 24966 25224 25246 25277 25279 25281 25288 25389 25415 25416 25421 25477 25477 25560 25592
1236 23975 24006 24122 24122 24129 24302 24334 24471 24621 24759 24803 24819 24934 24966 25224 25246 25277 25279 25281 25288 25389 25415 25416 25421 25477 25477 25560 25592
1302 25560 25592
1332 23975 24006 24122 24122 24129 24302 24334 24471 24621 24759 24803 24819 24934 24966 25224 25246 25277 25279 25281 25288 25389 25415 25416 25421 25477 25477
