584 18623 18624 18628 18629 18645 18652 18654 18685 18686 18707 18761 18783 18808 18834 18835 18838 18844 18844 18883 18914 18915 18957 19436 19445 19502 19515 20218 20237 20239 20243 20311 20316 20319 20332 20335 20365 20366 20375 20377 20397 20398 20415 20417 20445 20483 20487 20489 20491 20494 20509 20755 20756 20758 20786 20787 20828 20829 20860 20861 20882 20884 20915 20916 20957 20964 20995 20996 21012 21014 21045 21046 21058 21060 21091 21092 21104 21106 21136 21158 21167 21169 21178 21201 21201 21217 21217 21218 21248 21249 21278 21280 21299 21300 21311 21312 21343 21344 21375 21376 21407 21408 21435 21452 21453 21469 21499 21501 21532 21533 21564 21565 21567
592 18623 18624 18628 18629 18645 18652 18654 18685 18686 18707 18761 18783 18808 18834 18835 18838 18844 18844 18883 18914 18915 18957 20244 20270 20271 20286
598 18623 18624 18628 18629 18645 18652 18654 18685 18686 18707 18761 18783 18808 18834 18835 18838 18844 18844 18883 18914 18915 18957 21568 21585
608 18623 18624 18628 18629 18645 18652 18654 18685 18686 18707 18761 18783 18808 18834 18835 18838 18844 18844 18883 18914 18915 18957 20377 20397 20398 20415 20417 20445 20483 20487 20489 20491 20494 20509 20755 20756 20758 20786 20787 20828 20829 20860 20861 20882 20884 20915 20916 20957 20964 20995 20996 21012 21014 21045 21046 21058 21060 21091 21092 21104 21106 21136 21158 21167 21169 21178 21201 21201 21217 21217 21218 21248 21249 21278 21280 21299 21300 21311 21312 21343 21344 21375 21376 21407 21408 21435 21452 21453 21469 21499 21501 21532 21533 21564 21565 21567
610 18623 18624 18628 18629 18645 18652 18654 18685 18686 18707 18761 18783 18808 18834 18835 18838 18844 18844 18883 18914 18915 18957 19387 19415 19416 19422 20377 20397 20398 20415 20417 20445 20483 20487 20489 20491 20494 20509 20755 20756 20758 20786 20787 20828 20829 20860 20861 20882 20884 20915 20916 20957 20964 20995 20996 21012 21014 21045 21046 21058 21060 21091 21092 21104 21106 21136 21158 21167 21169 21178 21201 21201 21217 21217 21218 21248 21249 21278 21280 21299 21300 21311 21312 21343 21344 21375 21376 21407 21408 21435 21452 21453 21469 21499 21501 21532 21533 21564 21565 21567
614 18623 18624 18628 18629 18645 18652 18654 18685 18686 18707 18761 18783 18808 18834 18835 18838 18844 18844 18883 18914 18915 18957 19240 19240 19264 19280 19305 19318 19320 19351 19352 19383 19384 19385 19416 19422 19423 19430 19436 19445 19481 19496 19502 19515 19645 19676 19677 19677 19696 19697 19707 19722 19733 19747 19771 19773 19775 19801 19806 19806 19832 19836 19837 19860 19894 19907 19968 19998 19999 19999 20021 20040 20106 20130 20132 20134 20136 20167 20168 20199 20218 20237 20239 20243 20244 20270 20271 20286 20311 20316 20319 20332 20335 20365 20366 20375 20377 20397 20398 20415 20417 20445 20483 20487 20489 20491 20494 20509 20522 20537 20611 20629 20686 20691 20755 20756 20758 20786 20787 20828 20829 20860 20861 20882 20884 20915 20964 20995 20996 21012 21014 21045 21046 21058 21060 21091 21092 21104 21106 21136 21158 21167 21169 21178 21201 21201 21217 21217 21218 21248 21249 21278 21280 21299 21300 21311 21312 21343 21344 21375 21376 21407 21408 21435 21452 21453 21469 21499 21501 21532 21533 21564 21565 21567 21568 21585 21587 21587 21595 21628 21630 21661 21662 21692 21694 21705 21747 21765 21766 21776 21778 21800 21833 21837 21839 21850 21851 21879 21891 21937 21940 21968 22001 22032 22065 22095 22097 22103 22104 22104 22105 22119 22120 22122 22127 22142 22147 22176 22214 22247 22248 22250 22266 22280 22304 22304 22369 22373 22374 22392
624 18623 18624 18628 18629 18645 18652 18654 18685 18686 18707 18761 18783 18808 18834 18835 18838 18844 18844 18883 18914 18915 18957 22266 22280 22304 22304 22316 22333
626 18623 18624 18628 18629 18645 18652 18654 18685 18686 18707 18761 18783 18808 18834 18835 18838 18844 18844 18883 18914 18915 18957
628 18623 18624 18628 18629 18645 18652 18654 18685 18686 18707 18761 18783 18808 18834 18835 18838 18844 18844 18883 18914 18915 18957 19240 19240 19264 19280 19305 19318 19320 19351 19352 19383 19384 19385 19387 19415 19416 19422 19423 19430 19436 19445 19481 19496 19502 19515 19613 19644 19645 19676 19677 19677 19696 19697 19707 19722 19733 19747 19771 19773
632 18623 18624 18628 18629 18645 18652 18654 18685 18686 18707 18761 18783 18808 18834 18835 18838 18844 18844 18883 18914 18915 18957 20686 20691 22340 22356
640 18623 18624 18628 18629 18645 18652 18654 18685 18686 18707 18761 18783 18808 18834 18835 18838 18844 18844 18883 18914 18915 18957 20106 20130 20377 20397 20398 20415 20417 20445 20483 20487 20489 20491 20755 20756 21169 21178 21201 21201 21217 21217 21218 21248 21249 21278 21280 21299 21300 21311 21312 21343 21344 21375 21376 21407 21408 21435 21452 21453 21469 21499 21501 21532 21533 21564 21565 21567 21630 21661 21662 21692
648 18623 18624 18628 18629 18645 18652 18654 18685 18686 18707 18761 18783 18808 18834 18835 18838 18844 18844 18883 18914 18915 18957 19771 19773 19775 19801 20377 20397 20398 20415 20417 20445 20483 20487 20489 20491 20494 20509 20522 20537 20611 20629 20755 20756 20758 20786 20787 20828 20829 20860 20861 20882 20884 20915 20916 20957 20964 20995 20996 21012 21014 21045 21046 21058 21060 21091 21092 21104 21106 21136 21158 21167 21169 21178 21201 21201 21217 21217 21218 21248 21249 21278 21280 21299 21300 21311 21312 21343 21344 21375 21376 21407 21408 21435 21452 21453 21469 21499 21501 21532 21533 21564 21565 21567 21630 21661 21662 21692 21839 21850
658 18623 18624 18628 18629 18645 18652 18654 18685 18686 18707 18761 18783 18808 18834 18835 18838 18844 18844 18883 18914 18915 18957 20319 20332 20335 20365 20366 20375 20489 20491 20494 20509 20755 20756 20758 20786 20787 20828 20829 20860 20861 20882 20884 20915 20916 20957 20964 20995 20996 21012 21014 21045 21046 21058 21060 21091 21092 21104 21106 21136 21158 21167 21169 21178 21201 21201 21217 21217 21218 21248 21249 21278 21280 21299 21300 21311 21312 21343 21344 21375 21376 21407 21408 21435 21452 21453 21469 21499 21501 21532 21533 21564 21565 21567 21630 21661 21662 21692
660 18623 18624 18628 18629 18645 18652 18654 18685 18686 18707 18761 18783 18808 18834 18835 18838 18844 18844 18883 18914 18915 18957 20311 20316 20489 20491 20494 20509 20755 20756 20758 20786 20787 20828 20829 20860 20861 20882 20884 20915 20916 20957 20964 20995 20996 21012 21014 21045 21046 21058 21060 21091 21092 21104 21106 21136 21158 21167 21169 21178 21201 21201 21217 21217 21218 21248 21249 21278 21280 21299 21300 21311 21312 21343 21344 21375 21376 21407 21408 21435 21452 21453 21469 21499 21501 21532 21533 21564 21565 21567 21630 21661 21662 21692
662 18623 18624 18628 18629 18645 18652 18654 18685 18686 18707 18761 18783 18808 18834 18835 18838 18844 18844 18883 18914 18915 18957 20311 20316 20319 20332 20335 20365 20366 20375 20489 20491 20494 20509 20755 20756 20758 20786 20787 20828 20829 20860 20861 20882 20884 20915 20916 20957 20964 20995 20996 21012 21014 21045 21046 21058 21060 21091 21092 21104 21106 21136 21158 21167 21169 21178 21201 21201 21217 21217 21218 21248 21249 21278 21280 21299 21300 21311 21312 21343 21344 21375 21376 21407 21408 21435 21452 21453 21469 21499 21501 21532 21533 21564 21565 21567 21630 21661 21662 21692
672 18623 18624 18628 18629 18645 18652 18654 18685 18686 18707 18761 18783 18808 18834 18835 18838 18844 18844 18883 18914 18915 18957 19240 19240 19264 19280 19305 19318 19320 19351 19352 19383 19384 19385 19387 19415 19416 19422 19423 19430 19436 19445 19481 19496 19502 19515 19613 19644 19645 19676 19677 19677 19696 19697 19707 19722 19733 19747 19771 19773 19775 19801 19806 19806 19832 19836 19837 19860 19862 19893 19894 19907 19968 19998 19999 19999 20021 20040 20074 20105 20106 20130 20132 20134 20136 20167 20168 20199 20218 20237 20239 20243 20244 20270 20271 20286 20311 20316 20319 20332 20335 20365 20366 20375 20377 20397 20398 20415 20417 20445 20483 20487 20489 20491 20494 20509 20522 20537 20611 20629 20686 20691 20755 20756 20758 20786 20787 20828 20829 20860 20861 20882 20884 20915 20916 20957 20964 20995 20996 21012 21014 21045 21046 21058 21060 21091 21092 21104 21106 21136 21158 21167 21169 21178 21201 21201 21217 21217 21218 21248 21249 21278 21280 21299 21300 21311 21312 21343 21344 21375 21376 21407 21408 21435 21452 21453 21469 21499 21501 21532 21533 21564 21565 21567 21568 21585 21587 21587 21595 21628 21630 21661 21662 21692 21694 21705 21747 21765 21766 21776 21778 21800 21833 21837 21839 21850 21851 21879 21891 21937 21940 21968 22001 22032 22033 22064 22065 22095 22097 22103 22104 22104 22105 22119 22120 22122 22127 22142 22147 22176 22180 22213 22214 22247 22248 22250 22266 22280 22304 22304 22316 22333 22340 22356 22369 22373 22374 22392
674 18623 18624 18628 18629 18645 18652 18654 18685 18686 18707 18761 18783 18808 18834 18835 18838 18844 18844 18883 18914 18915 18957
678 18623 18624 18628 18629 18645 18652 18654 18685 18686 18707 18761 18783 18808 18834 18835 18838 18844 18844 18883 18914 18915 18957 21587 21587 21630 21661 21662 21692
680 18623 18624 18628 18629 18645 18652 18654 18685 18686 18707 18761 18783 18808 18834 18835 18838 18844 18844 18883 18914 18915 18957 19436 19445 21587 21587 21630 21661 21662 21692
688 18623 18624 18628 18629 18645 18652 18654 18685 18686 18707 18761 18783 18808 18834 18835 18838 18844 18844 18883 18914 18915 18957 19240 19240 19264 19280 19305 19318 19320 19351 19352 19383 19384 19385 19387 19415 19416 19422 19423 19430 19436 19445 19481 19496 19502 19515 19613 19644 19645 19676 19677 19677 19696 19697 19707 19722 19733 19747 19771 19773
690 18623 18624 18628 18629 18645 18652 18654 18685 18686 18707 18761 18783 18808 18834 18835 18838 18844 18844 18883 18914 18915 18957
692 18623 18624 18628 18629 18645 18652 18654 18685 18686 18707 18761 18783 18808 18834 18835 18838 18844 18844 18883 18914 18915 18957 19240 19240 19264 19280 19305 19318 19320 19351 19352 19383 19384 19385 19387 19415 19416 19422 19423 19430 19436 19445 19481 19496 19502 19515 19613 19644 19645 19676 19677 19677 19696 19697 19707 19722 19733 19747 19771 19773 19775 19801 19806 19806 19832 19836 19837 19860 19862 19893 19894 19907 19968 19998 19999 19999 20021 20040 20074 20105 20106 20130 20132 20134 20136 20167 20168 20199 20218 20237 20239 20243 20244 20270 20271 20286 20311 20316 20319 20332 20335 20365 20366 20375 20377 20397 20398 20415 20417 20445 20483 20487 20489 20491 20494 20509 20522 20537 20611 20629 20686 20691 20755 20756 20758 20786 20787 20828 20829 20860 20861 20882 20884 20915 20916 20957 20964 20995 20996 21012 21014 21045 21046 21058 21060 21091 21092 21104 21106 21136 21158 21167 21169 21178 21201 21201 21217 21217 21218 21248 21249 21278 21280 21299 21300 21311 21312 21343 21344 21375 21376 21407 21408 21435 21452 21453 21469 21499 21501 21532 21533 21564 21565 21567 21568 21585 21587 21587 21595 21628 21630 21661 21662 21692 21694 21705 21747 21765 21766 21776 21778 21800 21833 21837 21839 21850 21851 21879 21891 21937 21940 21968 22001 22032 22033 22064 22065 22095 22097 22103 22104 22104 22105 22119 22120 22122 22127 22142 22147 22176 22180 22213 22214 22247 22248 22250 22266 22280 22304 22304 22316 22333 22340 22356 22369 22373 22374 22392
694 18623 18624 18628 18629 18645 18652 18654 18685 18686 18707 18761 18783 18808 18834 18835 18838 18844 18844 18883 18914 18915 18957
1106 18623 18624 18628 18629 18645 18652 18654 18685 18686 18707 18761 18783 18808 18834 18835 18838 18844 18844 18883 18914 18915 18957 19240 19280 19305 19318 19320 19351 19352 19383 19384 19385 19387 19415 19416 19422 19481 19496 20377 20397 20398 20415 20417 20445 20483 20487 20489 20491 20494 20509 20522 20537 22033 22064 22065 22095 22097 22103 22104 22104 22105 22119
1120 18623 18624 18628 18629 18645 18652 18654 18685 18686 18707 18761 18783 18808 18834 18835 18838 18844 18844 18915 18957 19240 19280 19305 19318 19320 19351 19352 19383 19384 19385 19387 19415 19416 19422 19423 19430 19436 19445 19481 19496 19502 19515 19806 19806 20106 20130 20686 20691 21747 21765 21766 21776 21778 21800
1124 18623 18624 18628 18629 18645 18652 18654 18685 18686 18707 18761 18783 18808 18834 18835 18838 18844 18844 18883 18914 18915 18957 19240 19280 19305 19318 19320 19351 19352 19383 19384 19385 19387 19415 19416 19422 19423 19430 19436 19445 19481 19496 19502 19515 19613 19644 19645 19676 19677 19677 19696 19697 19707 19722 19733 19747 19771 19773 19775 19801 19806 19806 19832 19836 19837 19860 19862 19893 19894 19907 19968 19998 19999 19999 20021 20040 20074 20105 20106 20130 20132 20134 20136 20167 20168 20199 20218 20237 20239 20243 20244 20270 20271 20286 20311 20316 20319 20332 20335 20365 20366 20375 20377 20397 20398 20415 20417 20445 20483 20487 20489 20491 20494 20509 20522 20537 20611 20629 20686 20691 20755 20756 20758 20786 20787 20828 20829 20860 20861 20882 20884 20915 20916 20957 20964 20995 20996 21012 21014 21045 21046 21058 21060 21091 21092 21104 21106 21136 21158 21167 21169 21201 21217 21217 21218 21248 21249 21278 21280 21299 21300 21311 21312 21343 21344 21375 21376 21407 21408 21453 21469 21499 21501 21532 21533 21564 21565 21567 21568 21585 21587 21587 21595 21628 21630 21661 21662 21692 21694 21705 21747 21765 21766 21776 21778 21800 21833 21837 21839 21850 21851 21879 21891 21937 21940 21968 22001 22032 22033 22064 22065 22095 22097 22103 22104 22104 22105 22119 22120 22122 22127 22142 22147 22176 22180 22213 22214 22247 22248 22250 22266 22280 22304 22304 22316 22333 22340 22356 22369 22373 22374 22392
1128 18623 18624 18628 18629 18645 18652 18654 18685 18686 18707 18761 18783 18808 18834 18835 18838 18844 18844 18883 18914 18915 18957 19240 19280 19305 19318 19320 19351 19384 19385 19387 19415 19416 19422 19481 19496 19613 19644 19645 19676 19677 19677 19696 19697 19707 19722 19733 19747 19771 19773 19806 19806 19968 19998 19999 19999 20132 20134 21747 21765 21766 21776 21778 21800 22180 22213 22214 22247 22248 22250
1170 18623 18624 18628 18629 18645 18652 18654 18685 18686 18707 18761 18783 18808 18834 18835 18838 18844 18844 19240 19280 19305 19318 19320 19351 19352 19383 19384 19385 19387 19415 19416 19422 19481 19496 21587 21587 21595 21628 21630 21661 21662 21692 22369 22373
1172 18623 18624 18628 18629 18645 18652 18686 18707 18761 18783 18808 18834 18835 18838 18844 18844 18883 18914 18915 18957 19240 19280 19305 19318 19320 19351 19352 19383 19384 19385 19387 19415 19416 19422 19423 19430 19436 19445 19481 19496 19677 19677
1174 18623 18624 18628 18629 18645 18652 18654 18685 18686 18707 18761 18783 18808 18834 18835 18838 18844 18844 18883 18914 18915 18957 19240 19280 19305 19318 19320 19351 19352 19383 19384 19385 19387 19415 19416 19422 19423 19430 19436 19445 19481 19496 19502 19515 19613 19644 19645 19676 19677 19677 19696 19697 19707 19722 19733 19747 19771 19773 19775 19801 19806 19806 19832 19836 19837 19860 19862 19893 19894 19907 19968 19998 19999 19999 20021 20040 20074 20105 20106 20130 20132 20134 20136 20167 20168 20199 20218 20237 20239 20243 20244 20270 20271 20286 20311 20316 20319 20332 20335 20365 20366 20375 20377 20397 20398 20415 20417 20445 20483 20487 20489 20491 20494 20509 20522 20537 20611 20629 20686 20691 20755 20756 20758 20786 20787 20828 20829 20860 20861 20882 20884 20915 20916 20957 20964 20995 20996 21012 21014 21045 21046 21058 21060 21091 21092 21104 21106 21136 21158 21167 21169 21201 21217 21217 21218 21248 21249 21278 21280 21299 21300 21311 21312 21343 21344 21375 21376 21407 21408 21453 21469 21499 21501 21532 21533 21564 21565 21567 21568 21585 21587 21587 21595 21628 21630 21661 21662 21692 21694 21705 21747 21765 21766 21776 21778 21800 21833 21837 21839 21850 21851 21879 21891 21937 21940 21968 22001 22032 22033 22064 22065 22095 22097 22103 22104 22104 22105 22119 22120 22122 22127 22142 22147 22176 22180 22213 22214 22247 22248 22250 22266 22280 22304 22304 22316 22333 22340 22356 22369 22373 22374 22392
1176 18623 18624 18628 18629 18645 18652 18686 18707 18808 18834 18835 18838 18844 18844 18915 18957 19240 19280 19305 19318 19320 19351 19352 19383 19384 19385 19387 19415 19416 19422 19423 19430 19436 19445 19481 19496 19502 19515 19677 19677 19832 19836 20021 20040 20686 20691 21587 21587 21595 21628 21630 21661 21662 21692
1204 18623 18624 18628 18629 18645 18652 18654 18685 18686 18707 18761 18783 18808 18834 18835 18838 18844 18844 18883 18914 18915 18957 19240 19280 19305 19318 19320 19351 19352 19383 19384 19385 19387 19415 19416 19422 19423 19430 19436 19445 19481 19496 19502 19515 19613 19644 19645 19676 19677 19677 19696 19697 19707 19722 19733 19747 19771 19773 19775 19801 19806 19806 19832 19836 19837 19860 19862 19893 19894 19907 19968 19998 19999 19999 20021 20040 20074 20105 20106 20130 20132 20134 20136 20167 20168 20199 20218 20237 20239 20243 20244 20270 20271 20286 20311 20316 20319 20332 20335 20365 20366 20375 20377 20397 20398 20415 20417 20445 20483 20487 20489 20491 20494 20509 20522 20537 20611 20629 20686 20691 20755 20756 20758 20786 20787 20828 20829 20860 20861 20882 20884 20915 20916 20957 20964 20995 20996 21012 21014 21045 21046 21058 21060 21091 21092 21104 21106 21136 21158 21167 21169 21201 21217 21217 21218 21248 21249 21278 21280 21299 21300 21311 21312 21343 21344 21375 21376 21407 21408 21453 21469 21499 21501 21532 21533 21564 21565 21567 21568 21585 21587 21587 21595 21628 21630 21661 21662 21692 21694 21705 21747 21765 21766 21776 21778 21800 21833 21837 21839 21850 21851 21879 21891 21937 21940 21968 22001 22032 22033 22064 22065 22095 22097 22103 22104 22104 22105 22119 22120 22122 22127 22142 22147 22176 22180 22213 22214 22247 22248 22250 22266 22280 22304 22304 22316 22333 22340 22356 22369 22373 22374 22392
1208 18623 18624 18628 18629 18645 18652 18654 18685 18686 18707 18761 18783 18808 18834 18835 18838 18844 18844 18883 18914 18915 18957 19240 19280 19305 19318 19320 19351 19352 19383 19384 19385 19387 19415 19416 19422 19423 19430 19436 19445 19481 19496 19502 19515 19613 19644 19645 19676 19677 19677 19696 19697 19707 19722 19733 19747 19771 19773 19775 19801 19806 19806 19832 19836 19837 19860 19862 19893 19894 19907 19999 19999 20021 20040 20074 20105 20106 20130 20132 20134 20136 20167 20168 20199 20218 20237 20239 20243 20271 20286 20311 20316 20319 20332 20335 20365 20366 20375 20377 20397 20398 20415 20417 20445 20483 20487 20489 20491 20494 20509 20522 20537 20611 20629 20686 20691 20755 20756 20758 20786 20787 20828 20829 20860 20861 20882 20884 20915 20964 20995 20996 21012 21014 21045 21046 21058 21060 21091 21092 21104 21106 21136 21158 21167 21169 21201 21217 21217 21218 21248 21249 21278 21280 21299 21300 21311 21344 21375 21376 21407 21408 21453 21469 21499 21501 21532 21533 21564 21565 21567 21568 21585 21587 21587 21630 21661 21662 21692 21694 21705 21747 21765 21766 21776 21778 21800 21833 21837 21839 21850 21851 21879 21891 21937 21940 21968 22001 22032 22065 22095 22097 22103 22104 22104 22105 22119 22120 22122 22127 22142 22180 22213 22214 22247 22248 22250 22266 22280 22304 22304 22316 22333 22340 22356 22369 22373 22374 22392
1232 18623 18624 18628 18629 18645 18652 18654 18685 18686 18707 18761 18783 18808 18834 18835 18838 18844 18844 18883 18914 18915 18957 19240 19280 19305 19318 19320 19351 19352 19383 19384 19385 19387 19415 19416 19422 19423 19430 19436 19445 19481 19496 19502 19515 19613 19644 19645 19676 19677 19677 19696 19697 19707 19722 19733 19747 19771 19773 19775 19801 19806 19806 19832 19836 19837 19860 19862 19893 19894 19907 19968 19998 19999 19999 20021 20040 20074 20105 20106 20130 20132 20134 20136 20167 20168 20199 20218 20237 20239 20243 20244 20270 20271 20286 20311 20316 20319 20332 20335 20365 20366 20375 20377 20397 20398 20415 20417 20445 20483 20487 20489 20491 20494 20509 20522 20537 20611 20629 20686 20691 20755 20756 20758 20786 20787 20828 20829 20860 20861 20882 20884 20915 20916 20957 20964 20995 20996 21012 21014 21045 21046 21058 21060 21091 21092 21104 21106 21136 21158 21167 21169 21201 21217 21217 21218 21248 21249 21278 21280 21299 21300 21311 21312 21343 21344 21375 21376 21407 21408 21453 21469 21499 21501 21532 21533 21564 21565 21567 21568 21585 21587 21587 21595 21628 21630 21661 21662 21692 21694 21705 21747 21765 21766 21776 21778 21800 21833 21837 21839 21850 21851 21879 21891 21937 21940 21968 22001 22032 22033 22064 22065 22095 22097 22103 22104 22104 22105 22119 22120 22122 22127 22142 22147 22176 22180 22213 22214 22247 22248 22250 22266 22280 22304 22304 22316 22333 22340 22356 22369 22373 22374 22392
1236 18623 18624 18628 18629 18645 18652 18686 18707 18761 18783 18808 18834 18835 18838 18844 18844 19240 19280 19305 19318 19352 19383 19384 19385 19387 19415 19416 19422 19481 19496 19696 19697 19707 19722 20319 20332 20335 20365 20366 20375 20489 20491 20494 20509 20758 20786 20787 20828 20829 20860 20861 20882 20884 20915 20916 20957 20964 20995 20996 21012 21014 21045 21046 21058 21060 21091 21092 21104 21106 21136 21158 21167
1298 18623 18624 18628 18629 18645 18652 18686 18707 18808 18834 18835 18838 18844 18844 18883 18914 19384 19385 19416 19422 19481 19496 19677 19677 19696 19697 19707 19722 20489 20491 20686 20691 20755 20756 21568 21585 21747 21765 21766 21776 21778 21800
1302 18623 18624 18628 18629 18645 18652 18654 18685 18686 18707 18761 18783 18808 18834 18835 18838 18844 18844 18883 18914 18915 18957 19240 19280 19305 19318 19320 19351 19352 19383 19384 19385 19387 19415 19416 19422 19423 19430 19436 19445 19481 19496 19502 19515 19613 19644 19645 19676 19677 19677 19696 19697 19707 19722 19733 19747 19771 19773 19775 19801 19806 19806 19832 19836 19837 19860 19862 19893 19894 19907 19968 19998 19999 19999 20021 20040 20074 20105 20106 20130 20132 20134 20136 20167 20168 20199 20218 20237 20239 20243 20244 20270 20271 20286 20311 20316 20319 20332 20335 20365 20366 20375 20377 20397 20398 20415 20417 20445 20483 20487 20489 20491 20494 20509 20522 20537 20611 20629 20686 20691 20755 20756 20758 20786 20787 20828 20829 20860 20861 20882 20884 20915 20916 20957 20964 20995 20996 21012 21014 21045 21046 21058 21060 21091 21092 21104 21106 21136 21158 21167 21169 21201 21217 21217 21218 21248 21249 21278 21280 21299 21300 21311 21312 21343 21344 21375 21376 21407 21408 21453 21469 21499 21501 21532 21533 21564 21565 21567 21568 21585 21587 21587 21595 21628 21630 21661 21662 21692 21694 21705 21747 21765 21766 21776 21778 21800 21833 21837 21839 21850 21851 21879 21891 21937 21940 21968 22001 22032 22033 22064 22065 22095 22097 22103 22104 22104 22105 22119 22120 22122 22127 22142 22147 22176 22180 22213 22214 22247 22248 22250 22266 22280 22316 22333
1330 18623 18624 18628 18629 18645 18652 18654 18685 18686 18707 18761 18783 18808 18834 18835 18838 18844 18844 18883 18914 18915 18957 19240 19280 19305 19318 19320 19351 19384 19385 19387 19415 19416 19422 19481 19496 19696 19697 19707 19722 20311 20316 20494 20509 20755 20756 20829 20860 20861 20882 20884 20915 21014 21045 21046 21058 21060 21091 21092 21104 21106 21136 21158 21167 21747 21765 21766 21776 21778 21800
1332 18623 18624 18628 18629 18645 18652 18686 18707 18808 18834 18835 18838 18844 18844 19320 19351 19352 19383 19384 19385 19481 19496 19696 19697 19707 19722 20132 20134 20311 20316 20319 20332 20335 20365 20366 20375 20489 20491 20494 20509 20755 20756 20758 20786 20787 20828 20829 20860 20861 20882 20884 20915 20916 20957 20964 20995 20996 21012 21014 21045 21046 21058 21060 21091 21092 21104 21106 21136 21158 21167 21747 21765 21766 21776 21778 21800 21839 21850 21851 21879 21891 21937 21940 21968 22001 22032 22033 22064 22065 22095 22097 22103 22104 22104 22105 22119 22120 22122 22127 22142 22147 22176 22180 22213 22214 22247 22248 22250 22266 22280 22304 22304 22316 22333 22340 22356 22369 22373 22374 22392
